50
26.376
0 1 60.927 3.431
0 2 10.348 53.166
1 2 33.221 3.747
0 3 24.793 84.235
1 3 56.459 77.8
2 3 71.922 50.547
0 4 7.23 19.364
1 4 74.819 20.34
2 4 5.0 60.523
3 4 24.844 29.689
0 5 4.199 46.685
1 5 22.832 77.864
2 5 42.107 27.381
3 5 51.04 60.129
4 5 69.103 93.288
0 6 60.842 37.507
1 6 32.888 12.505
2 6 18.865 50.886
3 6 51.26 75.895
4 6 43.227 20.407
5 6 35.165 63.258
0 7 55.169 71.302
1 7 43.373 52.707
2 7 30.87 96.821
3 7 38.581 65.351
4 7 54.288 2.634
5 7 73.716 5.127
6 7 23.747 7.303
0 8 85.604 82.57
1 8 93.852 69.701
2 8 13.921 75.442
3 8 7.983 80.101
4 8 60.979 48.238
5 8 90.223 16.562
6 8 97.357 9.915
7 8 93.548 40.836
0 9 64.423 43.334
1 9 22.944 52.546
2 9 0.731 29.48
3 9 30.155 11.779
4 9 89.475 92.797
5 9 56.121 29.991
6 9 70.291 9.201
7 9 95.82 60.051
8 9 51.612 98.542
0 10 1.237 55.417
1 10 10.39 18.555
2 10 11.663 85.867
3 10 5.012 13.057
4 10 82.104 52.974
5 10 30.056 92.831
6 10 79.192 54.732
7 10 52.742 27.949
8 10 32.49 4.096
9 10 63.154 76.806
0 11 47.317 90.11
1 11 39.467 61.564
2 11 28.986 52.787
3 11 11.814 38.222
4 11 5.505 20.803
5 11 58.289 88.838
6 11 72.275 88.979
7 11 69.953 63.583
8 11 60.873 91.849
9 11 0.222 34.211
10 11 32.162 12.386
0 12 57.582 90.465
1 12 19.078 21.792
2 12 15.015 31.078
3 12 68.096 6.324
4 12 4.309 8.058
5 12 11.917 12.795
6 12 78.272 70.51
7 12 77.427 25.519
8 12 77.712 65.981
9 12 63.694 41.663
10 12 13.127 44.07
11 12 26.63 55.923
0 13 24.131 58.171
1 13 90.203 49.394
2 13 7.021 20.632
3 13 63.343 53.973
4 13 20.642 98.064
5 13 18.535 14.206
6 13 15.16 60.789
7 13 25.882 97.39
8 13 9.639 92.033
9 13 59.09 62.625
10 13 69.058 74.989
11 13 5.809 50.424
12 13 5.18 44.182
0 14 67.23 22.147
1 14 48.207 38.958
2 14 97.356 36.898
3 14 78.976 5.999
4 14 90.557 40.589
5 14 73.903 33.655
6 14 83.04 38.535
7 14 90.277 48.944
8 14 71.521 20.535
9 14 57.527 78.256
10 14 39.895 80.521
11 14 66.713 7.855
12 14 5.993 67.887
13 14 58.095 58.72
0 15 92.283 90.015
1 15 68.737 32.543
2 15 85.086 61.695
3 15 68.893 65.432
4 15 67.149 23.609
5 15 11.552 75.093
6 15 69.522 25.911
7 15 47.323 97.182
8 15 22.226 49.613
9 15 60.948 43.11
10 15 90.235 30.364
11 15 75.846 54.712
12 15 39.695 57.789
13 15 29.749 43.539
14 15 65.983 41.833
0 16 17.918 15.813
1 16 58.404 82.801
2 16 77.552 84.459
3 16 51.75 51.103
4 16 45.117 31.099
5 16 53.22 53.121
6 16 97.121 90.738
7 16 22.264 80.376
8 16 93.336 50.871
9 16 40.755 69.744
10 16 97.463 53.517
11 16 73.235 99.847
12 16 59.753 88.798
13 16 14.526 68.638
14 16 92.63 29.399
15 16 29.366 85.654
0 17 25.707 71.296
1 17 51.614 63.249
2 17 15.86 97.045
3 17 48.742 16.603
4 17 15.849 11.266
5 17 33.202 65.349
6 17 74.93 75.804
7 17 41.697 3.672
8 17 58.695 18.743
9 17 80.607 78.72
10 17 2.062 99.274
11 17 69.669 87.189
12 17 48.427 99.0
13 17 68.863 8.264
14 17 4.213 85.853
15 17 47.321 28.273
16 17 22.809 34.377
0 18 28.596 30.88
1 18 23.606 13.432
2 18 43.545 33.305
3 18 59.514 11.684
4 18 64.693 20.081
5 18 6.113 73.993
6 18 81.544 47.691
7 18 76.049 27.598
8 18 9.914 18.913
9 18 12.99 54.015
10 18 51.146 21.955
11 18 75.019 46.305
12 18 13.411 5.786
13 18 79.301 24.446
14 18 17.581 20.612
15 18 0.811 70.161
16 18 83.244 37.975
17 18 87.877 87.326
0 19 24.462 50.49
1 19 44.985 44.705
2 19 60.976 20.671
3 19 69.559 38.048
4 19 99.976 81.938
5 19 66.617 49.017
6 19 77.807 79.871
7 19 83.453 2.205
8 19 77.21 94.256
9 19 41.669 12.98
10 19 49.993 91.611
11 19 92.757 95.981
12 19 7.933 33.04
13 19 65.453 80.423
14 19 91.44 86.267
15 19 67.671 7.324
16 19 14.048 34.769
17 19 29.681 35.873
18 19 65.387 24.827
0 20 85.119 32.869
1 20 94.451 45.477
2 20 82.693 79.136
3 20 42.763 62.562
4 20 32.042 8.89
5 20 39.456 24.537
6 20 93.856 96.132
7 20 36.672 30.805
8 20 94.199 38.502
9 20 14.44 8.964
10 20 2.699 48.16
11 20 36.458 38.092
12 20 62.055 3.307
13 20 5.519 12.113
14 20 64.843 23.513
15 20 4.22 65.38
16 20 82.944 11.996
17 20 39.565 2.117
18 20 43.842 31.666
19 20 93.162 33.467
0 21 54.604 5.957
1 21 44.234 25.703
2 21 95.861 10.398
3 21 24.463 87.493
4 21 86.001 17.164
5 21 56.864 31.867
6 21 94.424 9.35
7 21 91.8 84.701
8 21 92.003 64.031
9 21 73.433 92.142
10 21 98.4 44.192
11 21 12.465 95.971
12 21 76.453 72.108
13 21 62.76 27.692
14 21 89.682 24.942
15 21 50.411 31.126
16 21 7.623 78.907
17 21 79.893 32.552
18 21 13.584 6.788
19 21 94.177 21.139
20 21 79.583 95.943
0 22 69.22 52.302
1 22 6.904 6.101
2 22 69.646 95.482
3 22 62.307 2.016
4 22 65.307 14.599
5 22 7.123 55.583
6 22 32.377 22.049
7 22 11.744 81.091
8 22 36.927 69.42
9 22 8.341 48.406
10 22 35.806 49.559
11 22 9.073 6.113
12 22 96.674 21.535
13 22 18.523 62.901
14 22 34.642 18.862
15 22 91.617 90.109
16 22 76.504 90.287
17 22 49.322 66.624
18 22 59.927 82.306
19 22 58.698 70.787
20 22 54.959 36.628
21 22 16.756 59.962
0 23 99.737 70.57
1 23 51.18 81.689
2 23 75.913 7.391
3 23 56.346 68.615
4 23 76.66 27.022
5 23 53.755 64.334
6 23 56.038 95.427
7 23 87.387 82.637
8 23 88.112 28.522
9 23 1.152 45.081
10 23 86.295 17.203
11 23 70.464 27.548
12 23 52.197 51.383
13 23 8.482 67.019
14 23 8.757 40.797
15 23 37.992 99.812
16 23 59.0 9.344
17 23 53.289 30.129
18 23 89.543 9.682
19 23 94.732 51.551
20 23 81.405 5.686
21 23 88.12 89.86
22 23 58.362 13.232
0 24 57.977 55.405
1 24 45.21 11.128
2 24 71.812 43.494
3 24 99.224 33.015
4 24 53.049 67.388
5 24 80.089 60.645
6 24 0.062 61.647
7 24 25.215 58.231
8 24 2.424 37.466
9 24 26.952 4.933
10 24 19.973 58.203
11 24 38.574 35.851
12 24 53.43 61.62
13 24 80.076 33.676
14 24 4.408 88.388
15 24 51.85 94.318
16 24 15.745 29.294
17 24 39.95 43.365
18 24 54.781 64.869
19 24 31.826 18.654
20 24 78.089 23.536
21 24 54.891 50.095
22 24 92.36 24.852
23 24 33.415 93.951
0 25 79.237 22.946
1 25 64.915 44.351
2 25 88.382 63.276
3 25 72.41 23.662
4 25 36.522 88.216
5 25 95.181 26.457
6 25 22.773 99.441
7 25 56.046 69.957
8 25 56.511 23.418
9 25 92.023 81.398
10 25 39.796 56.495
11 25 22.564 21.867
12 25 46.366 71.972
13 25 42.347 18.976
14 25 74.009 65.305
15 25 3.497 87.163
16 25 14.108 72.252
17 25 94.868 87.897
18 25 32.192 60.851
19 25 36.91 66.99
20 25 74.194 52.047
21 25 51.237 44.954
22 25 98.387 83.428
23 25 7.15 24.533
24 25 34.553 53.808
0 26 79.903 16.659
1 26 22.621 71.079
2 26 58.398 14.634
3 26 85.504 94.227
4 26 54.859 10.718
5 26 13.764 81.529
6 26 1.946 31.936
7 26 6.713 69.04
8 26 67.324 35.036
9 26 84.119 14.473
10 26 37.112 82.407
11 26 7.039 96.587
12 26 37.053 33.22
13 26 50.711 76.479
14 26 71.657 47.91
15 26 69.45 81.553
16 26 6.052 91.925
17 26 92.287 18.62
18 26 81.548 48.053
19 26 46.219 47.834
20 26 25.557 44.895
21 26 70.781 64.493
22 26 20.106 90.475
23 26 39.928 60.967
24 26 60.028 24.091
25 26 90.82 20.242
0 27 76.853 0.742
1 27 42.148 96.033
2 27 55.183 70.05
3 27 60.788 58.799
4 27 9.245 97.251
5 27 21.551 90.41
6 27 13.115 61.931
7 27 8.76 81.07
8 27 77.098 67.538
9 27 97.506 70.195
10 27 6.089 60.355
11 27 2.289 82.306
12 27 52.378 70.147
13 27 85.697 51.907
14 27 12.982 49.882
15 27 62.881 12.482
16 27 3.578 65.826
17 27 66.936 52.181
18 27 16.104 59.933
19 27 85.694 47.907
20 27 11.324 29.842
21 27 56.584 32.532
22 27 6.027 21.616
23 27 82.344 34.179
24 27 0.203 6.203
25 27 93.322 97.804
26 27 51.835 54.453
0 28 8.523 1.177
1 28 66.435 96.006
2 28 82.085 59.66
3 28 6.115 5.668
4 28 68.715 17.529
5 28 51.626 42.578
6 28 31.625 95.986
7 28 48.708 38.509
8 28 18.344 89.805
9 28 75.681 14.108
10 28 60.115 36.89
11 28 51.467 84.517
12 28 85.851 16.754
13 28 55.145 33.994
14 28 63.723 44.899
15 28 27.937 22.306
16 28 63.987 11.251
17 28 98.48 59.86
18 28 39.418 95.396
19 28 92.377 3.895
20 28 20.172 77.433
21 28 55.948 0.225
22 28 9.594 74.182
23 28 60.407 3.935
24 28 97.207 86.006
25 28 93.167 83.237
26 28 83.393 68.726
27 28 96.159 80.068
0 29 47.397 40.843
1 29 60.229 71.178
2 29 95.709 81.632
3 29 8.028 65.558
4 29 63.89 50.779
5 29 88.185 78.985
6 29 0.349 12.138
7 29 94.553 48.746
8 29 75.976 32.599
9 29 34.768 65.089
10 29 89.868 41.589
11 29 37.921 19.955
12 29 18.367 47.239
13 29 65.463 62.862
14 29 66.893 12.553
15 29 18.445 67.748
16 29 62.959 26.913
17 29 20.599 18.673
18 29 66.488 36.187
19 29 54.161 22.115
20 29 72.515 59.214
21 29 98.467 10.68
22 29 67.105 17.082
23 29 50.68 45.05
24 29 68.068 51.6
25 29 97.782 77.395
26 29 47.987 7.695
27 29 66.371 69.298
28 29 43.942 28.902
0 30 96.081 16.35
1 30 51.264 0.516
2 30 80.228 44.973
3 30 65.774 42.451
4 30 58.053 94.554
5 30 94.388 16.876
6 30 12.367 99.15
7 30 8.376 46.55
8 30 6.709 88.799
9 30 27.194 90.025
10 30 90.793 56.997
11 30 6.708 29.465
12 30 24.473 20.911
13 30 97.699 33.043
14 30 24.173 91.065
15 30 22.029 0.861
16 30 92.367 61.036
17 30 6.043 2.99
18 30 63.54 88.174
19 30 4.723 34.883
20 30 95.611 94.274
21 30 8.961 67.826
22 30 7.81 1.475
23 30 29.734 1.262
24 30 74.554 1.074
25 30 95.984 18.736
26 30 66.734 62.85
27 30 66.315 82.847
28 30 71.026 72.459
29 30 89.571 42.579
0 31 50.834 75.436
1 31 30.392 20.121
2 31 9.596 34.9
3 31 77.811 3.348
4 31 89.758 27.487
5 31 85.539 22.253
6 31 53.107 67.496
7 31 2.012 19.791
8 31 20.214 90.457
9 31 29.868 6.058
10 31 86.863 7.442
11 31 76.95 71.721
12 31 19.373 78.046
13 31 16.753 11.242
14 31 92.795 92.856
15 31 27.993 91.955
16 31 85.112 16.223
17 31 78.675 91.867
18 31 86.305 2.28
19 31 3.934 65.596
20 31 67.065 91.628
21 31 98.005 81.845
22 31 4.23 67.898
23 31 88.275 19.312
24 31 82.895 16.399
25 31 34.455 2.373
26 31 30.72 23.341
27 31 28.18 15.548
28 31 70.848 35.372
29 31 79.299 37.426
30 31 73.814 3.868
0 32 98.822 75.497
1 32 21.578 12.819
2 32 99.037 61.601
3 32 27.687 21.528
4 32 35.475 28.448
5 32 45.961 48.766
6 32 71.722 9.308
7 32 41.12 52.957
8 32 51.393 97.374
9 32 46.582 35.728
10 32 81.072 99.393
11 32 22.002 78.235
12 32 32.055 11.965
13 32 13.49 20.811
14 32 2.952 4.262
15 32 65.434 95.448
16 32 43.955 27.745
17 32 31.339 32.872
18 32 42.089 52.734
19 32 26.43 90.212
20 32 47.655 11.876
21 32 67.427 2.327
22 32 6.091 38.855
23 32 54.51 99.925
24 32 1.404 79.35
25 32 80.542 89.624
26 32 70.198 24.947
27 32 84.397 7.075
28 32 92.508 57.025
29 32 40.327 6.395
30 32 15.625 61.745
31 32 27.184 46.158
0 33 50.608 86.404
1 33 54.496 88.305
2 33 7.688 2.497
3 33 54.441 49.218
4 33 67.065 7.131
5 33 25.04 34.374
6 33 48.639 53.166
7 33 43.939 68.369
8 33 5.535 43.705
9 33 18.627 67.249
10 33 23.189 33.071
11 33 92.933 88.262
12 33 4.15 60.196
13 33 70.39 33.154
14 33 10.063 77.031
15 33 10.992 85.977
16 33 33.681 38.757
17 33 72.42 31.834
18 33 42.989 31.201
19 33 9.96 57.569
20 33 46.989 81.912
21 33 72.515 56.066
22 33 37.376 10.308
23 33 33.56 26.025
24 33 67.643 22.853
25 33 22.976 33.78
26 33 53.112 11.41
27 33 32.008 58.471
28 33 66.487 6.311
29 33 41.344 46.02
30 33 51.597 58.508
31 33 34.451 11.882
32 33 23.57 0.034
0 34 6.36 70.583
1 34 65.697 50.987
2 34 92.146 33.923
3 34 11.132 22.799
4 34 19.93 27.772
5 34 16.465 3.704
6 34 13.004 54.295
7 34 56.63 8.261
8 34 58.258 49.444
9 34 81.023 64.353
10 34 14.979 45.298
11 34 28.727 46.681
12 34 58.425 83.398
13 34 77.96 83.428
14 34 91.504 51.957
15 34 23.562 19.5
16 34 15.446 83.639
17 34 48.972 13.971
18 34 2.238 34.999
19 34 60.625 50.88
20 34 82.818 73.13
21 34 33.923 34.866
22 34 50.558 92.057
23 34 75.526 59.164
24 34 65.829 70.255
25 34 53.595 64.889
26 34 29.028 77.683
27 34 58.16 34.336
28 34 88.379 34.881
29 34 90.395 0.651
30 34 79.236 58.118
31 34 30.155 55.59
32 34 81.029 3.38
33 34 7.561 13.3
0 35 19.138 87.592
1 35 81.529 93.776
2 35 89.368 6.614
3 35 6.843 39.727
4 35 39.862 50.705
5 35 48.574 80.832
6 35 99.539 84.286
7 35 59.121 84.534
8 35 27.676 26.832
9 35 80.361 48.507
10 35 23.885 55.593
11 35 58.711 56.974
12 35 88.143 82.462
13 35 2.956 60.84
14 35 32.895 41.258
15 35 94.984 9.11
16 35 44.416 20.992
17 35 33.702 7.545
18 35 13.125 39.578
19 35 67.198 81.008
20 35 52.197 42.636
21 35 70.734 44.237
22 35 89.56 40.663
23 35 95.211 86.701
24 35 31.786 9.974
25 35 37.471 85.907
26 35 13.795 11.249
27 35 60.889 48.193
28 35 21.066 55.726
29 35 86.997 13.957
30 35 69.022 58.667
31 35 96.92 94.177
32 35 94.693 2.921
33 35 57.052 7.551
34 35 34.397 49.665
0 36 5.886 19.688
1 36 34.277 15.445
2 36 50.168 86.938
3 36 72.622 39.693
4 36 17.443 25.785
5 36 31.616 17.64
6 36 70.216 9.687
7 36 15.86 17.406
8 36 62.851 18.558
9 36 99.471 50.222
10 36 95.757 20.8
11 36 47.788 76.402
12 36 42.616 27.046
13 36 70.98 59.718
14 36 11.028 54.227
15 36 65.067 88.761
16 36 37.028 26.603
17 36 3.881 64.138
18 36 9.885 92.986
19 36 95.194 19.803
20 36 56.805 56.12
21 36 35.193 16.249
22 36 37.283 46.869
23 36 57.608 7.559
24 36 37.946 87.143
25 36 18.26 88.267
26 36 56.378 39.901
27 36 78.443 45.75
28 36 96.353 26.71
29 36 17.52 92.702
30 36 24.813 65.759
31 36 69.838 6.466
32 36 77.775 89.364
33 36 31.319 66.332
34 36 95.677 16.404
35 36 81.831 97.259
0 37 83.13 73.942
1 37 74.228 13.145
2 37 87.518 80.698
3 37 42.428 69.338
4 37 54.905 87.997
5 37 64.527 32.081
6 37 7.798 67.319
7 37 41.715 6.25
8 37 91.685 36.513
9 37 32.196 82.973
10 37 80.607 92.875
11 37 56.742 1.92
12 37 71.443 12.178
13 37 85.01 70.071
14 37 34.467 12.047
15 37 79.845 99.174
16 37 97.442 94.907
17 37 44.614 19.892
18 37 37.399 49.818
19 37 58.651 17.016
20 37 60.073 34.014
21 37 20.768 54.203
22 37 50.257 32.782
23 37 30.952 55.335
24 37 2.263 86.081
25 37 43.151 13.226
26 37 7.388 97.796
27 37 2.286 50.228
28 37 23.831 67.634
29 37 30.458 11.358
30 37 64.768 93.823
31 37 90.437 57.753
32 37 75.267 22.343
33 37 43.703 1.247
34 37 35.743 36.604
35 37 7.309 20.946
36 37 96.284 97.539
0 38 88.601 24.107
1 38 36.492 47.559
2 38 75.969 86.123
3 38 95.689 93.722
4 38 87.316 4.478
5 38 56.072 92.999
6 38 40.93 92.608
7 38 92.718 0.414
8 38 89.361 1.334
9 38 14.233 89.454
10 38 50.084 63.478
11 38 86.132 74.965
12 38 43.397 92.681
13 38 91.998 66.811
14 38 21.047 55.26
15 38 83.924 5.639
16 38 13.28 17.443
17 38 21.738 51.267
18 38 26.099 46.158
19 38 62.656 37.571
20 38 4.752 48.183
21 38 34.5 0.804
22 38 32.799 18.164
23 38 66.064 99.215
24 38 84.342 73.247
25 38 1.427 97.744
26 38 56.495 38.416
27 38 50.481 80.806
28 38 6.729 81.572
29 38 18.998 89.949
30 38 11.779 77.832
31 38 18.295 61.606
32 38 22.664 74.935
33 38 12.239 37.002
34 38 43.475 40.286
35 38 93.217 45.642
36 38 16.988 35.182
37 38 34.904 76.162
0 39 87.209 72.392
1 39 14.985 28.525
2 39 19.541 70.667
3 39 59.079 97.128
4 39 72.859 66.354
5 39 43.337 20.1
6 39 68.801 53.448
7 39 83.518 61.345
8 39 58.45 9.328
9 39 88.634 50.822
10 39 46.589 93.353
11 39 34.716 4.754
12 39 83.564 93.458
13 39 70.761 36.905
14 39 91.789 39.316
15 39 69.319 38.683
16 39 67.183 14.308
17 39 70.371 7.826
18 39 53.006 96.112
19 39 94.143 62.701
20 39 65.073 15.2
21 39 55.574 94.014
22 39 66.478 32.295
23 39 88.21 38.832
24 39 83.73 34.272
25 39 27.837 12.193
26 39 6.381 7.037
27 39 11.242 83.262
28 39 84.795 43.483
29 39 84.868 70.554
30 39 55.042 98.254
31 39 12.472 36.829
32 39 33.993 57.898
33 39 7.651 95.567
34 39 76.404 30.812
35 39 3.183 72.645
36 39 20.398 72.5
37 39 21.354 80.601
38 39 79.414 92.936
0 40 12.598 34.852
1 40 84.69 92.902
2 40 98.878 77.601
3 40 45.397 89.232
4 40 94.128 51.61
5 40 85.918 9.423
6 40 93.754 12.115
7 40 48.197 24.959
8 40 77.054 78.097
9 40 73.249 9.924
10 40 32.107 3.321
11 40 30.838 85.173
12 40 34.176 88.29
13 40 42.3 29.964
14 40 98.933 76.277
15 40 66.631 87.318
16 40 68.029 30.505
17 40 9.383 7.279
18 40 81.365 81.443
19 40 7.277 8.799
20 40 70.712 9.694
21 40 77.886 7.833
22 40 84.085 74.648
23 40 69.856 60.977
24 40 54.789 39.663
25 40 35.739 25.225
26 40 29.059 46.309
27 40 18.722 11.748
28 40 32.788 75.553
29 40 96.727 46.325
30 40 33.939 23.003
31 40 12.196 54.812
32 40 97.981 73.774
33 40 83.938 79.279
34 40 79.064 52.797
35 40 10.857 38.094
36 40 50.159 3.574
37 40 32.686 46.963
38 40 22.3 36.098
39 40 3.828 88.839
0 41 19.671 39.583
1 41 60.483 58.514
2 41 57.656 13.751
3 41 41.333 32.533
4 41 99.12 25.822
5 41 9.346 16.013
6 41 62.537 75.859
7 41 35.31 23.608
8 41 66.963 23.354
9 41 52.791 57.648
10 41 24.229 1.694
11 41 33.739 3.84
12 41 61.523 13.272
13 41 30.709 84.779
14 41 80.606 97.137
15 41 88.251 99.472
16 41 55.998 66.32
17 41 87.912 55.465
18 41 20.391 76.355
19 41 65.206 16.571
20 41 2.905 92.512
21 41 81.088 23.033
22 41 77.461 81.142
23 41 38.099 32.635
24 41 18.139 22.154
25 41 74.001 5.391
26 41 52.874 47.386
27 41 73.057 26.44
28 41 75.324 64.564
29 41 94.583 12.043
30 41 43.067 21.938
31 41 9.209 92.524
32 41 27.318 56.472
33 41 90.516 78.113
34 41 41.047 74.364
35 41 52.754 27.976
36 41 61.991 24.806
37 41 59.361 29.84
38 41 99.292 60.49
39 41 26.103 99.76
40 41 88.056 93.614
0 42 53.618 75.276
1 42 65.992 26.967
2 42 43.735 25.94
3 42 48.876 98.054
4 42 53.149 36.052
5 42 64.986 27.707
6 42 44.197 23.973
7 42 53.488 82.266
8 42 87.745 91.261
9 42 6.95 41.089
10 42 95.607 99.442
11 42 7.943 15.367
12 42 19.834 78.823
13 42 27.658 87.837
14 42 85.467 95.918
15 42 68.903 42.241
16 42 57.816 46.592
17 42 59.493 47.592
18 42 66.052 50.294
19 42 99.433 89.709
20 42 64.772 28.527
21 42 67.143 24.376
22 42 95.765 82.453
23 42 44.969 64.937
24 42 52.177 54.366
25 42 73.701 20.111
26 42 76.753 30.818
27 42 88.365 15.49
28 42 38.908 33.61
29 42 13.628 7.836
30 42 80.264 89.587
31 42 76.048 12.0
32 42 72.649 19.128
33 42 70.74 24.019
34 42 0.396 38.372
35 42 40.873 81.014
36 42 68.484 36.065
37 42 89.214 23.597
38 42 56.958 43.495
39 42 21.419 20.429
40 42 41.001 43.096
41 42 75.86 84.915
0 43 44.765 94.898
1 43 81.633 4.851
2 43 62.066 98.131
3 43 99.024 45.003
4 43 74.632 9.617
5 43 45.989 18.126
6 43 45.396 53.121
7 43 40.395 2.228
8 43 25.669 73.419
9 43 78.051 31.976
10 43 39.268 49.138
11 43 91.155 27.218
12 43 4.697 84.29
13 43 97.293 74.06
14 43 27.347 61.796
15 43 81.635 60.751
16 43 28.953 63.91
17 43 10.256 85.847
18 43 37.342 49.683
19 43 93.405 37.4
20 43 51.952 72.945
21 43 89.794 94.943
22 43 11.229 67.065
23 43 41.802 34.122
24 43 90.168 36.13
25 43 96.581 95.313
26 43 37.169 17.966
27 43 42.23 40.676
28 43 90.642 8.464
29 43 78.71 5.809
30 43 16.592 34.753
31 43 32.152 94.668
32 43 85.005 43.471
33 43 16.291 92.307
34 43 22.441 32.017
35 43 70.807 19.529
36 43 29.269 3.235
37 43 24.407 67.842
38 43 45.421 5.618
39 43 81.703 12.014
40 43 75.483 99.748
41 43 79.648 25.325
42 43 43.798 52.255
0 44 9.888 97.66
1 44 49.194 78.17
2 44 35.034 91.379
3 44 13.783 20.937
4 44 30.114 98.245
5 44 32.535 26.854
6 44 19.611 49.797
7 44 30.758 44.774
8 44 27.103 61.247
9 44 21.451 25.382
10 44 97.665 61.373
11 44 21.538 5.236
12 44 0.168 44.236
13 44 60.681 88.159
14 44 3.673 39.483
15 44 74.065 70.078
16 44 29.743 22.122
17 44 9.252 81.046
18 44 59.292 63.615
19 44 55.338 24.184
20 44 26.714 90.362
21 44 19.364 0.117
22 44 29.274 97.157
23 44 25.435 2.414
24 44 12.914 75.97
25 44 96.933 98.728
26 44 58.787 57.547
27 44 47.361 46.787
28 44 11.561 20.572
29 44 19.024 72.077
30 44 93.824 90.119
31 44 72.655 18.34
32 44 13.878 83.599
33 44 83.797 56.699
34 44 11.093 43.956
35 44 3.464 78.376
36 44 69.081 93.122
37 44 64.428 52.098
38 44 53.083 10.192
39 44 36.54 26.837
40 44 27.732 6.238
41 44 12.843 66.629
42 44 17.024 85.881
43 44 97.817 24.925
0 45 48.832 66.624
1 45 73.665 81.183
2 45 82.805 2.538
3 45 95.293 18.855
4 45 7.972 52.404
5 45 55.598 96.78
6 45 38.479 50.722
7 45 56.976 49.261
8 45 18.665 15.694
9 45 57.217 98.812
10 45 31.296 39.054
11 45 5.542 20.402
12 45 24.331 10.355
13 45 12.623 20.949
14 45 41.073 41.008
15 45 41.621 23.916
16 45 56.373 66.418
17 45 58.34 62.2
18 45 70.938 62.659
19 45 28.159 73.546
20 45 53.841 0.912
21 45 90.267 58.188
22 45 4.397 4.828
23 45 22.922 44.219
24 45 58.098 37.607
25 45 96.207 27.822
26 45 63.563 15.316
27 45 62.567 26.156
28 45 66.355 20.379
29 45 7.636 45.352
30 45 51.109 92.741
31 45 19.031 65.665
32 45 5.092 18.908
33 45 21.256 8.114
34 45 21.275 45.783
35 45 13.253 39.441
36 45 77.642 25.056
37 45 69.817 59.574
38 45 23.229 84.275
39 45 54.523 22.401
40 45 99.878 79.434
41 45 52.174 16.314
42 45 23.954 94.307
43 45 80.402 87.193
44 45 20.473 43.646
0 46 74.12 91.499
1 46 85.073 93.95
2 46 23.706 21.676
3 46 31.655 3.505
4 46 29.19 77.558
5 46 31.11 50.136
6 46 36.849 34.321
7 46 59.804 45.742
8 46 3.296 16.57
9 46 52.491 84.576
10 46 10.888 28.529
11 46 75.531 81.633
12 46 91.558 87.306
13 46 52.494 98.665
14 46 80.547 69.139
15 46 93.363 43.088
16 46 1.7 63.672
17 46 23.436 28.84
18 46 51.648 0.39
19 46 40.818 40.185
20 46 36.946 76.999
21 46 48.602 13.592
22 46 58.903 47.781
23 46 7.922 45.468
24 46 11.253 24.403
25 46 17.661 32.779
26 46 19.77 99.912
27 46 38.243 35.209
28 46 0.184 54.006
29 46 1.679 13.398
30 46 84.195 21.954
31 46 95.576 6.713
32 46 4.484 24.627
33 46 0.853 23.704
34 46 18.582 99.708
35 46 48.136 90.705
36 46 37.295 57.053
37 46 22.705 49.675
38 46 70.905 99.673
39 46 72.249 83.679
40 46 55.509 47.267
41 46 31.501 42.72
42 46 26.753 69.093
43 46 43.086 90.344
44 46 61.15 8.636
45 46 47.181 38.967
0 47 31.83 13.7
1 47 85.607 17.869
2 47 76.841 10.568
3 47 57.004 67.039
4 47 71.294 91.604
5 47 16.436 23.296
6 47 81.866 0.796
7 47 41.05 67.47
8 47 68.039 31.738
9 47 92.778 15.539
10 47 85.239 93.355
11 47 46.422 76.59
12 47 24.311 71.099
13 47 78.612 56.258
14 47 86.68 13.457
15 47 83.819 96.347
16 47 58.222 10.252
17 47 63.053 14.538
18 47 39.716 87.817
19 47 66.884 83.479
20 47 15.483 87.409
21 47 58.884 60.301
22 47 89.67 53.43
23 47 96.349 39.781
24 47 25.439 6.575
25 47 32.491 30.502
26 47 94.682 21.155
27 47 24.011 71.662
28 47 89.392 71.604
29 47 1.087 4.873
30 47 29.886 34.217
31 47 91.249 76.479
32 47 3.752 99.242
33 47 2.369 77.467
34 47 45.971 22.129
35 47 89.181 6.787
36 47 60.112 59.323
37 47 90.062 97.428
38 47 93.662 13.888
39 47 84.574 42.401
40 47 15.213 27.171
41 47 38.65 48.976
42 47 93.24 98.582
43 47 14.093 69.677
44 47 45.379 84.358
45 47 90.014 79.027
46 47 86.122 5.54
0 48 73.087 3.874
1 48 3.148 10.399
2 48 98.971 21.153
3 48 61.484 9.617
4 48 48.944 70.875
5 48 21.551 0.935
6 48 63.881 34.528
7 48 12.156 31.467
8 48 79.951 24.117
9 48 78.44 61.257
10 48 30.76 47.298
11 48 56.678 22.892
12 48 89.059 19.909
13 48 73.109 17.347
14 48 71.056 30.329
15 48 28.022 24.262
16 48 31.592 93.375
17 48 82.027 54.36
18 48 75.433 6.853
19 48 0.376 50.08
20 48 99.74 26.684
21 48 26.179 54.395
22 48 53.088 49.346
23 48 38.258 18.483
24 48 72.572 79.86
25 48 64.595 48.925
26 48 72.224 13.992
27 48 68.86 46.476
28 48 74.578 86.449
29 48 94.345 83.483
30 48 99.171 36.703
31 48 34.347 86.097
32 48 0.135 51.352
33 48 2.764 89.474
34 48 60.588 1.658
35 48 27.337 16.531
36 48 83.133 96.818
37 48 18.577 52.847
38 48 41.362 91.963
39 48 35.387 32.174
40 48 35.962 62.664
41 48 37.667 98.518
42 48 99.334 51.435
43 48 55.425 20.707
44 48 32.185 13.895
45 48 19.776 20.105
46 48 24.869 58.927
47 48 14.121 51.732
0 49 14.435 43.515
1 49 15.962 20.441
2 49 23.207 14.345
3 49 51.726 93.657
4 49 51.097 60.442
5 49 16.21 71.088
6 49 86.317 94.191
7 49 13.023 68.081
8 49 75.023 62.557
9 49 57.374 28.423
10 49 86.794 19.075
11 49 45.17 96.552
12 49 88.48 17.064
13 49 51.348 1.388
14 49 95.752 4.48
15 49 9.162 64.021
16 49 32.219 33.255
17 49 10.801 72.156
18 49 94.325 22.02
19 49 61.094 3.647
20 49 14.83 29.627
21 49 1.802 47.956
22 49 50.331 50.388
23 49 64.358 85.965
24 49 6.186 15.613
25 49 94.108 4.432
26 49 45.004 4.801
27 49 73.759 74.913
28 49 32.417 23.883
29 49 74.247 33.933
30 49 69.76 98.664
31 49 86.602 58.603
32 49 63.566 89.987
33 49 9.687 12.602
34 49 23.983 5.856
35 49 19.63 27.64
36 49 44.52 5.632
37 49 99.806 96.813
38 49 89.654 35.298
39 49 1.531 1.258
40 49 69.207 88.474
41 49 89.653 21.553
42 49 96.772 1.103
43 49 51.986 39.41
44 49 19.259 48.595
45 49 91.563 65.842
46 49 75.584 21.721
47 49 44.49 58.098
48 49 46.01 60.281
