20
80.361
0 1 59.703 10.299
0 2 88.048 73.746
1 2 20.189 87.518
0 3 27.369 48.381
1 3 48.774 96.092
2 3 0.761 56.187
0 4 4.56 64.181
1 4 11.281 74.948
2 4 8.566 40.402
3 4 45.228 85.894
0 5 61.051 36.121
1 5 49.684 82.937
2 5 19.84 12.868
3 5 45.803 83.172
4 5 87.93 21.808
0 6 89.218 42.525
1 6 3.429 66.431
2 6 65.197 46.943
3 6 51.235 98.837
4 6 64.969 1.885
5 6 22.812 87.971
0 7 28.23 62.828
1 7 29.752 90.605
2 7 87.798 78.49
3 7 26.996 39.132
4 7 68.881 97.966
5 7 84.5 21.277
6 7 93.532 84.505
0 8 70.509 78.667
1 8 67.769 38.471
2 8 43.182 40.032
3 8 7.02 36.665
4 8 91.58 99.725
5 8 81.634 54.468
6 8 27.427 88.898
7 8 80.135 27.863
0 9 27.135 86.158
1 9 18.62 40.657
2 9 88.411 62.411
3 9 4.481 60.42
4 9 19.557 82.907
5 9 13.258 18.91
6 9 90.367 82.182
7 9 1.374 7.1
8 9 72.404 79.217
0 10 18.903 54.061
1 10 78.621 2.447
2 10 45.244 17.467
3 10 65.33 33.191
4 10 88.627 21.458
5 10 44.152 79.991
6 10 0.959 19.101
7 10 86.996 58.14
8 10 65.9 69.667
9 10 53.65 22.199
0 11 78.523 74.719
1 11 99.487 2.398
2 11 59.146 40.874
3 11 66.656 45.062
4 11 92.527 46.197
5 11 94.558 51.695
6 11 90.779 64.857
7 11 80.952 16.846
8 11 0.345 11.187
9 11 2.984 19.217
10 11 64.571 95.063
0 12 6.968 0.609
1 12 88.646 45.392
2 12 67.519 20.511
3 12 50.785 89.943
4 12 8.477 56.504
5 12 66.949 45.549
6 12 65.75 60.868
7 12 47.553 20.763
8 12 97.693 87.292
9 12 14.148 62.075
10 12 45.389 61.844
11 12 3.435 23.183
0 13 41.293 66.822
1 13 14.343 51.445
2 13 28.644 53.91
3 13 17.896 31.092
4 13 61.129 23.661
5 13 15.955 94.667
6 13 1.987 95.163
7 13 88.428 95.558
8 13 30.503 3.176
9 13 63.285 7.568
10 13 26.713 21.697
11 13 65.072 61.615
12 13 50.364 98.463
0 14 14.005 71.341
1 14 43.983 22.426
2 14 60.841 34.626
3 14 76.024 24.088
4 14 52.457 71.381
5 14 5.881 7.766
6 14 4.9 88.014
7 14 57.72 15.802
8 14 42.945 76.71
9 14 99.683 7.208
10 14 73.258 21.14
11 14 90.177 38.076
12 14 5.284 36.893
13 14 67.218 10.125
0 15 97.3 78.579
1 15 72.246 61.758
2 15 0.083 87.765
3 15 34.114 95.837
4 15 67.034 70.672
5 15 89.734 88.446
6 15 84.918 96.655
7 15 11.454 46.156
8 15 80.216 1.262
9 15 30.905 14.852
10 15 3.462 37.958
11 15 84.542 19.87
12 15 43.446 23.322
13 15 62.32 37.99
14 15 58.186 3.438
0 16 83.407 56.62
1 16 19.282 48.364
2 16 57.758 1.812
3 16 92.407 40.731
4 16 34.743 60.599
5 16 39.941 54.569
6 16 75.236 61.677
7 16 28.069 75.252
8 16 90.719 60.331
9 16 7.589 49.658
10 16 63.45 96.712
11 16 1.904 40.92
12 16 32.411 39.979
13 16 59.782 16.322
14 16 14.851 68.561
15 16 77.185 38.168
0 17 20.556 29.96
1 17 65.378 94.736
2 17 65.484 51.718
3 17 60.633 7.924
4 17 14.201 50.015
5 17 23.751 54.27
6 17 37.474 62.537
7 17 92.493 20.455
8 17 31.707 19.593
9 17 28.401 48.398
10 17 26.705 76.799
11 17 32.825 58.553
12 17 15.881 50.668
13 17 74.494 22.25
14 17 34.425 32.381
15 17 78.491 53.61
16 17 59.336 15.58
0 18 19.001 36.955
1 18 19.294 85.874
2 18 75.878 59.323
3 18 38.566 82.859
4 18 69.742 85.155
5 18 95.92 97.258
6 18 77.771 7.919
7 18 81.211 0.097
8 18 19.705 98.578
9 18 41.38 5.009
10 18 18.953 3.517
11 18 11.705 98.77
12 18 30.681 71.584
13 18 25.228 99.883
14 18 20.177 91.019
15 18 52.634 39.652
16 18 40.15 37.526
17 18 89.304 21.316
0 19 95.814 35.126
1 19 20.324 65.117
2 19 88.783 6.441
3 19 57.314 18.728
4 19 23.972 68.883
5 19 75.176 49.087
6 19 61.107 28.089
7 19 80.163 51.457
8 19 48.627 59.826
9 19 86.121 64.962
10 19 21.225 46.372
11 19 27.332 8.338
12 19 77.733 54.161
13 19 59.173 69.046
14 19 67.442 39.019
15 19 27.915 64.082
16 19 54.7 83.189
17 19 68.914 28.247
18 19 8.12 7.222
