50
52.497
0 1 49.366 68.252
0 2 19.901 88.482
1 2 65.485 45.903
0 3 27.662 30.963
1 3 66.722 40.09
2 3 71.927 0.134
0 4 9.392 43.304
1 4 41.843 1.151
2 4 55.879 23.238
3 4 28.378 60.139
0 5 22.67 93.434
1 5 18.677 44.177
2 5 66.044 67.876
3 5 29.244 78.091
4 5 10.972 46.177
0 6 71.687 23.023
1 6 66.161 99.896
2 6 98.131 8.697
3 6 32.223 97.809
4 6 85.779 70.803
5 6 5.405 10.897
0 7 88.356 22.916
1 7 66.044 30.753
2 7 29.982 69.119
3 7 57.57 92.971
4 7 16.031 89.223
5 7 25.888 96.709
6 7 13.372 64.304
0 8 65.951 33.161
1 8 26.781 23.142
2 8 50.471 36.484
3 8 98.65 97.246
4 8 90.245 97.666
5 8 24.418 9.057
6 8 40.462 20.43
7 8 70.599 26.084
0 9 13.363 75.528
1 9 88.55 36.448
2 9 88.235 91.769
3 9 25.335 8.958
4 9 33.149 50.798
5 9 70.518 46.936
6 9 50.684 14.333
7 9 14.097 77.025
8 9 59.42 99.52
0 10 53.948 96.876
1 10 78.984 25.327
2 10 60.29 82.744
3 10 26.544 26.244
4 10 57.29 20.159
5 10 32.576 25.67
6 10 80.517 82.386
7 10 86.64 73.25
8 10 71.909 73.219
9 10 87.781 38.135
0 11 86.225 26.295
1 11 20.263 81.728
2 11 22.154 94.943
3 11 32.44 65.531
4 11 88.576 90.936
5 11 57.941 76.581
6 11 66.658 98.787
7 11 30.238 77.79
8 11 62.298 75.299
9 11 80.386 43.317
10 11 45.197 39.517
0 12 71.806 63.846
1 12 17.866 4.411
2 12 12.277 89.425
3 12 9.141 56.874
4 12 76.867 22.7
5 12 62.325 28.137
6 12 13.896 56.819
7 12 18.634 22.081
8 12 17.366 9.307
9 12 96.845 9.46
10 12 39.008 47.795
11 12 99.747 64.672
0 13 18.272 38.458
1 13 63.058 17.687
2 13 85.45 49.736
3 13 82.013 12.035
4 13 76.859 17.908
5 13 13.875 39.146
6 13 0.127 89.842
7 13 91.651 22.696
8 13 66.524 52.812
9 13 78.465 60.461
10 13 75.296 14.715
11 13 65.235 79.79
12 13 72.867 86.339
0 14 14.343 76.472
1 14 49.812 42.324
2 14 73.538 64.329
3 14 8.27 31.279
4 14 23.316 27.942
5 14 91.721 65.425
6 14 80.651 66.71
7 14 66.616 35.423
8 14 11.672 11.608
9 14 34.483 22.668
10 14 77.075 19.418
11 14 38.319 85.274
12 14 0.74 88.641
13 14 71.188 82.253
0 15 51.287 92.509
1 15 20.106 4.082
2 15 3.503 85.925
3 15 84.327 35.444
4 15 53.098 89.1
5 15 75.899 21.68
6 15 90.833 74.563
7 15 57.453 93.58
8 15 13.292 49.5
9 15 54.117 94.101
10 15 83.285 84.632
11 15 64.01 85.165
12 15 77.96 94.183
13 15 3.163 30.205
14 15 18.375 45.17
0 16 22.441 49.673
1 16 0.444 82.121
2 16 1.629 55.422
3 16 15.867 65.22
4 16 1.504 81.674
5 16 37.559 81.138
6 16 90.313 41.494
7 16 21.891 93.21
8 16 34.471 69.781
9 16 94.883 27.054
10 16 58.742 46.488
11 16 44.201 58.922
12 16 13.66 66.766
13 16 6.2 10.242
14 16 50.879 17.289
15 16 93.0 98.604
0 17 62.979 75.092
1 17 6.136 82.91
2 17 6.859 99.627
3 17 47.312 77.097
4 17 10.351 72.864
5 17 46.93 25.232
6 17 46.082 78.655
7 17 52.284 68.043
8 17 20.542 36.114
9 17 74.183 73.921
10 17 17.623 95.745
11 17 7.893 96.225
12 17 58.196 21.418
13 17 16.57 7.404
14 17 48.827 35.826
15 17 12.427 47.649
16 17 88.852 49.927
0 18 42.825 34.464
1 18 61.429 57.784
2 18 95.866 84.938
3 18 29.802 91.901
4 18 27.338 94.148
5 18 78.462 30.829
6 18 76.818 29.865
7 18 24.307 93.809
8 18 66.183 5.951
9 18 6.487 18.146
10 18 59.651 47.604
11 18 56.012 6.123
12 18 34.135 84.1
13 18 84.742 34.443
14 18 67.385 81.465
15 18 99.199 75.171
16 18 43.602 40.775
17 18 24.833 67.076
0 19 87.533 44.84
1 19 30.225 60.755
2 19 0.633 0.235
3 19 42.46 2.303
4 19 54.326 83.57
5 19 81.684 49.447
6 19 63.173 53.018
7 19 99.661 92.587
8 19 13.787 54.298
9 19 52.333 64.433
10 19 45.31 34.464
11 19 13.729 51.338
12 19 83.937 55.086
13 19 94.625 73.342
14 19 22.373 98.388
15 19 79.94 55.294
16 19 87.566 60.418
17 19 83.858 99.916
18 19 30.253 20.319
0 20 74.187 57.552
1 20 88.1 53.531
2 20 20.714 94.491
3 20 29.042 24.53
4 20 26.066 30.765
5 20 18.861 91.618
6 20 94.153 17.043
7 20 19.898 28.554
8 20 32.367 87.309
9 20 35.178 90.203
10 20 50.191 41.005
11 20 74.872 25.351
12 20 23.76 21.928
13 20 47.558 76.497
14 20 55.596 52.234
15 20 95.406 58.41
16 20 98.634 16.355
17 20 64.51 63.058
18 20 86.554 74.484
19 20 57.79 66.558
0 21 93.566 71.101
1 21 16.429 21.591
2 21 22.892 14.525
3 21 6.995 33.244
4 21 85.753 94.306
5 21 2.898 41.432
6 21 45.472 66.594
7 21 55.39 50.123
8 21 17.125 38.012
9 21 60.172 89.166
10 21 51.281 36.246
11 21 60.45 45.332
12 21 64.613 67.086
13 21 99.632 38.687
14 21 57.384 35.998
15 21 68.504 73.528
16 21 32.751 31.947
17 21 25.481 16.843
18 21 76.893 2.324
19 21 10.47 37.081
20 21 7.401 73.789
0 22 1.078 81.88
1 22 93.11 60.254
2 22 83.449 68.795
3 22 28.647 85.397
4 22 77.809 43.515
5 22 9.093 66.766
6 22 14.076 27.779
7 22 83.097 43.994
8 22 23.57 65.732
9 22 20.472 39.408
10 22 85.245 57.299
11 22 28.806 27.662
12 22 89.993 75.363
13 22 73.483 46.911
14 22 53.119 72.055
15 22 75.049 19.473
16 22 72.69 10.866
17 22 27.724 50.786
18 22 29.147 58.348
19 22 25.472 71.837
20 22 86.114 72.203
21 22 61.16 17.165
0 23 88.653 20.552
1 23 38.886 63.72
2 23 45.779 8.587
3 23 59.378 86.626
4 23 44.45 37.902
5 23 66.05 24.949
6 23 54.517 54.295
7 23 14.506 79.998
8 23 29.042 99.637
9 23 81.082 63.833
10 23 99.739 53.825
11 23 40.429 61.943
12 23 36.866 9.221
13 23 21.032 22.231
14 23 61.185 99.983
15 23 60.771 84.496
16 23 64.174 47.885
17 23 24.53 55.246
18 23 86.715 9.423
19 23 13.241 50.045
20 23 63.338 56.103
21 23 95.744 84.915
22 23 46.916 48.255
0 24 97.28 21.565
1 24 65.845 3.307
2 24 33.457 36.852
3 24 39.837 53.043
4 24 70.548 61.631
5 24 73.399 92.309
6 24 78.918 12.052
7 24 13.074 48.747
8 24 0.74 47.204
9 24 76.343 19.631
10 24 54.238 77.312
11 24 84.439 27.554
12 24 34.307 18.103
13 24 85.596 26.22
14 24 68.432 31.897
15 24 16.729 87.926
16 24 73.27 36.619
17 24 63.084 2.119
18 24 53.657 67.86
19 24 55.504 73.424
20 24 74.023 28.115
21 24 61.378 3.469
22 24 67.996 26.222
23 24 55.804 79.799
0 25 53.346 4.244
1 25 76.218 41.7
2 25 67.979 70.458
3 25 88.679 92.128
4 25 22.742 72.354
5 25 42.403 98.847
6 25 48.492 72.507
7 25 64.827 35.16
8 25 14.411 22.206
9 25 95.557 29.866
10 25 71.465 57.321
11 25 0.408 73.016
12 25 64.64 25.489
13 25 88.123 28.001
14 25 37.296 43.105
15 25 73.757 11.478
16 25 8.972 43.84
17 25 91.729 70.538
18 25 76.856 67.023
19 25 50.727 94.745
20 25 51.132 79.256
21 25 5.268 10.584
22 25 66.497 33.376
23 25 60.754 62.655
24 25 75.948 52.304
0 26 33.633 18.941
1 26 85.438 3.032
2 26 62.08 49.955
3 26 16.533 88.543
4 26 92.058 1.31
5 26 86.454 96.389
6 26 50.699 74.662
7 26 47.136 6.654
8 26 52.97 17.912
9 26 82.81 91.507
10 26 48.55 43.125
11 26 65.325 0.203
12 26 4.82 27.004
13 26 37.076 45.805
14 26 81.936 58.093
15 26 10.654 75.363
16 26 67.984 88.698
17 26 8.16 12.926
18 26 2.756 82.587
19 26 36.434 62.1
20 26 21.744 22.329
21 26 3.476 19.569
22 26 26.434 67.876
23 26 21.277 38.671
24 26 74.833 25.446
25 26 83.046 60.76
0 27 97.701 81.905
1 27 60.734 58.732
2 27 13.854 20.604
3 27 83.03 35.97
4 27 82.786 67.299
5 27 10.891 9.912
6 27 49.637 55.317
7 27 59.464 20.268
8 27 89.384 53.469
9 27 80.236 26.409
10 27 89.605 78.443
11 27 75.96 1.645
12 27 80.341 16.599
13 27 37.731 15.69
14 27 42.845 23.607
15 27 91.614 22.377
16 27 28.179 30.979
17 27 20.117 3.858
18 27 22.31 72.342
19 27 64.088 39.64
20 27 84.843 75.38
21 27 8.57 34.646
22 27 52.24 57.936
23 27 25.152 22.242
24 27 7.224 95.917
25 27 30.12 25.208
26 27 76.053 84.128
0 28 4.798 46.102
1 28 56.704 33.323
2 28 18.359 60.176
3 28 9.814 60.765
4 28 38.491 62.103
5 28 45.543 76.099
6 28 78.429 49.655
7 28 81.591 63.131
8 28 89.51 10.256
9 28 61.126 94.529
10 28 97.793 66.931
11 28 16.986 70.834
12 28 42.777 64.964
13 28 33.673 85.796
14 28 28.985 12.86
15 28 16.241 28.622
16 28 79.578 24.33
17 28 15.87 44.791
18 28 17.621 7.251
19 28 26.326 9.242
20 28 22.306 30.668
21 28 96.929 0.968
22 28 47.692 40.306
23 28 78.514 40.194
24 28 23.836 5.161
25 28 33.09 44.737
26 28 61.848 50.511
27 28 81.185 31.076
0 29 49.934 72.351
1 29 84.014 62.555
2 29 2.49 69.12
3 29 31.494 21.354
4 29 7.901 3.475
5 29 97.921 83.876
6 29 99.795 90.291
7 29 65.052 47.683
8 29 59.65 38.078
9 29 59.061 54.413
10 29 71.273 48.77
11 29 95.414 71.095
12 29 8.774 82.461
13 29 9.793 89.676
14 29 79.428 27.29
15 29 33.004 21.939
16 29 73.83 44.251
17 29 20.463 56.24
18 29 61.515 9.964
19 29 80.815 15.643
20 29 21.79 54.836
21 29 15.6 92.932
22 29 89.567 19.089
23 29 73.356 62.518
24 29 25.657 64.941
25 29 51.838 54.301
26 29 30.213 12.78
27 29 97.823 75.179
28 29 96.32 44.877
0 30 56.726 26.254
1 30 54.242 3.318
2 30 80.227 87.802
3 30 57.244 88.224
4 30 11.482 44.892
5 30 71.33 23.858
6 30 60.172 78.36
7 30 78.426 26.566
8 30 37.535 46.552
9 30 18.939 74.713
10 30 60.081 30.847
11 30 46.893 40.233
12 30 26.589 17.085
13 30 17.046 15.946
14 30 98.649 17.539
15 30 29.149 98.747
16 30 81.325 49.721
17 30 47.712 5.719
18 30 25.899 27.77
19 30 52.023 27.948
20 30 10.911 47.48
21 30 1.301 89.74
22 30 34.825 3.534
23 30 14.172 93.056
24 30 30.787 10.867
25 30 5.918 29.804
26 30 90.372 41.903
27 30 88.329 77.301
28 30 13.871 90.093
29 30 29.958 76.04
0 31 90.211 71.276
1 31 50.484 31.758
2 31 59.593 23.279
3 31 15.995 46.166
4 31 63.389 2.46
5 31 93.96 79.072
6 31 0.627 50.209
7 31 28.321 91.804
8 31 59.198 4.682
9 31 33.198 63.756
10 31 92.83 61.257
11 31 22.342 17.944
12 31 33.772 4.21
13 31 18.378 43.47
14 31 81.813 99.539
15 31 17.467 87.706
16 31 61.855 95.462
17 31 82.7 60.081
18 31 71.521 55.199
19 31 9.965 50.09
20 31 97.497 32.045
21 31 54.32 30.74
22 31 77.391 14.676
23 31 24.408 12.435
24 31 89.156 12.947
25 31 6.592 61.238
26 31 0.383 78.6
27 31 73.521 15.622
28 31 93.326 16.223
29 31 62.015 66.031
30 31 4.503 49.645
0 32 18.416 99.877
1 32 83.663 63.152
2 32 72.172 63.377
3 32 59.054 94.357
4 32 1.374 66.01
5 32 31.192 57.384
6 32 20.061 77.907
7 32 2.185 62.023
8 32 58.844 33.073
9 32 7.281 87.03
10 32 17.477 23.71
11 32 46.847 72.578
12 32 63.885 99.731
13 32 67.154 58.609
14 32 73.215 80.657
15 32 80.348 21.107
16 32 33.137 58.795
17 32 79.173 34.662
18 32 25.053 34.372
19 32 82.247 62.783
20 32 5.317 86.726
21 32 38.414 86.123
22 32 56.553 76.149
23 32 58.377 4.753
24 32 72.045 88.979
25 32 57.786 63.708
26 32 59.473 19.896
27 32 44.393 94.387
28 32 90.87 16.061
29 32 77.954 1.801
30 32 52.781 76.777
31 32 19.744 60.195
0 33 15.477 82.358
1 33 90.928 13.668
2 33 90.023 30.348
3 33 3.019 72.437
4 33 49.546 39.889
5 33 38.777 53.096
6 33 76.911 40.607
7 33 54.093 83.751
8 33 59.11 90.986
9 33 41.468 5.134
10 33 28.298 23.857
11 33 92.21 42.258
12 33 62.279 25.985
13 33 12.549 64.111
14 33 13.925 48.575
15 33 87.179 28.127
16 33 27.851 87.427
17 33 0.661 56.327
18 33 33.515 67.714
19 33 11.239 45.78
20 33 79.985 84.629
21 33 24.419 96.263
22 33 1.655 25.358
23 33 92.321 26.911
24 33 21.291 76.79
25 33 30.787 79.156
26 33 64.719 54.445
27 33 92.578 40.002
28 33 95.113 55.596
29 33 82.537 0.661
30 33 22.753 37.528
31 33 78.114 44.096
32 33 68.533 46.319
0 34 11.289 67.976
1 34 14.522 36.543
2 34 18.44 36.293
3 34 98.583 97.975
4 34 79.919 5.502
5 34 40.414 33.452
6 34 26.522 52.955
7 34 51.487 51.964
8 34 15.441 41.675
9 34 84.126 31.89
10 34 32.879 48.502
11 34 31.212 27.187
12 34 90.454 90.899
13 34 92.632 58.09
14 34 99.882 15.294
15 34 76.669 38.789
16 34 82.795 37.863
17 34 20.564 64.493
18 34 91.878 74.426
19 34 14.142 32.644
20 34 57.525 84.653
21 34 39.464 5.682
22 34 87.64 47.251
23 34 58.741 41.313
24 34 99.954 64.7
25 34 48.557 53.836
26 34 45.462 66.617
27 34 13.936 97.65
28 34 75.524 40.769
29 34 86.737 72.779
30 34 39.827 43.59
31 34 38.259 56.247
32 34 41.155 41.843
33 34 26.15 12.335
0 35 77.651 23.395
1 35 0.637 61.576
2 35 54.465 9.82
3 35 72.396 76.311
4 35 75.037 85.098
5 35 21.524 12.407
6 35 5.301 9.217
7 35 4.741 59.77
8 35 4.465 39.556
9 35 71.966 87.346
10 35 69.586 33.661
11 35 43.74 76.233
12 35 48.89 97.139
13 35 47.054 61.401
14 35 40.477 70.208
15 35 15.251 79.673
16 35 19.909 0.491
17 35 62.587 90.823
18 35 18.843 41.627
19 35 74.863 47.48
20 35 27.499 26.298
21 35 1.384 68.291
22 35 30.686 19.64
23 35 64.346 87.264
24 35 70.155 64.447
25 35 57.988 23.941
26 35 91.081 97.234
27 35 44.469 44.229
28 35 6.358 76.657
29 35 21.905 61.358
30 35 92.393 69.377
31 35 19.843 20.344
32 35 11.843 80.154
33 35 93.001 81.692
34 35 55.655 4.905
0 36 73.054 96.557
1 36 38.113 61.004
2 36 30.825 73.858
3 36 25.442 26.792
4 36 47.841 11.993
5 36 5.746 38.439
6 36 99.135 54.556
7 36 45.468 89.749
8 36 45.723 9.357
9 36 87.532 20.155
10 36 56.956 39.851
11 36 41.64 59.175
12 36 24.734 0.517
13 36 8.999 81.972
14 36 14.969 82.775
15 36 48.535 32.646
16 36 22.085 91.99
17 36 91.375 18.511
18 36 84.089 93.616
19 36 16.532 40.651
20 36 67.783 70.452
21 36 6.317 71.571
22 36 25.65 34.81
23 36 52.288 44.385
24 36 61.953 80.038
25 36 4.389 43.257
26 36 87.649 39.651
27 36 18.358 52.173
28 36 62.4 6.701
29 36 52.223 96.121
30 36 61.205 57.693
31 36 34.967 19.065
32 36 42.478 7.991
33 36 27.698 85.783
34 36 30.519 16.916
35 36 7.064 60.864
0 37 15.293 34.241
1 37 47.955 49.74
2 37 59.715 83.077
3 37 95.546 53.654
4 37 68.226 14.245
5 37 88.112 37.174
6 37 48.728 57.28
7 37 39.158 99.15
8 37 48.868 51.243
9 37 39.954 20.779
10 37 76.811 30.092
11 37 39.341 73.835
12 37 21.454 8.003
13 37 85.686 55.802
14 37 93.099 83.552
15 37 61.04 4.508
16 37 10.196 54.892
17 37 14.708 75.307
18 37 43.263 31.071
19 37 72.841 33.607
20 37 69.658 12.729
21 37 80.182 73.04
22 37 52.549 34.64
23 37 8.196 93.55
24 37 53.355 27.317
25 37 67.832 69.872
26 37 89.396 41.33
27 37 33.392 54.525
28 37 4.485 66.451
29 37 24.156 20.31
30 37 79.946 32.234
31 37 11.232 61.337
32 37 11.231 70.538
33 37 60.132 56.16
34 37 97.049 79.578
35 37 68.334 13.768
36 37 12.559 72.961
0 38 86.871 47.137
1 38 25.977 77.57
2 38 32.223 70.037
3 38 71.131 25.856
4 38 27.346 70.938
5 38 93.791 35.297
6 38 59.779 19.879
7 38 87.313 94.276
8 38 97.732 37.242
9 38 31.727 88.461
10 38 12.175 3.533
11 38 30.368 56.954
12 38 35.229 41.55
13 38 98.476 15.213
14 38 61.197 48.162
15 38 57.953 2.03
16 38 47.729 3.807
17 38 54.866 76.466
18 38 91.875 23.408
19 38 97.825 14.702
20 38 28.764 82.247
21 38 65.833 65.08
22 38 24.048 37.803
23 38 94.777 1.647
24 38 56.092 31.535
25 38 8.757 62.446
26 38 65.659 34.075
27 38 64.682 82.917
28 38 3.335 70.293
29 38 92.421 88.701
30 38 81.365 39.819
31 38 90.558 47.069
32 38 92.725 77.833
33 38 27.602 99.085
34 38 70.031 42.333
35 38 71.064 27.175
36 38 95.18 60.301
37 38 62.826 76.255
0 39 23.401 94.678
1 39 18.332 52.559
2 39 55.52 81.413
3 39 83.722 52.859
4 39 96.659 55.805
5 39 0.614 92.521
6 39 90.092 10.971
7 39 78.241 50.309
8 39 12.809 33.077
9 39 57.809 66.369
10 39 34.088 95.754
11 39 86.778 52.134
12 39 41.942 18.383
13 39 76.963 90.708
14 39 18.86 63.163
15 39 58.091 20.84
16 39 89.529 43.246
17 39 45.775 62.189
18 39 21.27 44.256
19 39 45.85 17.768
20 39 98.923 25.301
21 39 74.125 43.647
22 39 56.973 3.352
23 39 4.997 57.571
24 39 72.638 22.249
25 39 46.04 87.844
26 39 43.952 25.466
27 39 75.935 50.935
28 39 92.651 4.974
29 39 35.345 28.814
30 39 92.574 11.94
31 39 81.986 49.458
32 39 55.097 28.639
33 39 64.826 64.504
34 39 20.533 92.617
35 39 60.607 77.12
36 39 63.225 88.701
37 39 13.006 79.739
38 39 65.364 70.897
0 40 61.793 60.608
1 40 23.373 15.237
2 40 82.786 70.093
3 40 63.189 7.841
4 40 22.286 60.318
5 40 53.767 3.371
6 40 46.4 15.582
7 40 78.107 74.358
8 40 58.977 34.258
9 40 32.728 33.081
10 40 53.949 92.24
11 40 18.056 91.36
12 40 35.463 36.096
13 40 81.792 10.398
14 40 56.83 41.193
15 40 26.449 12.91
16 40 71.291 72.656
17 40 64.79 74.53
18 40 80.539 19.95
19 40 60.515 27.659
20 40 73.938 14.85
21 40 28.323 35.981
22 40 72.095 14.568
23 40 86.588 53.519
24 40 53.694 43.458
25 40 76.188 22.066
26 40 22.434 60.227
27 40 72.827 26.269
28 40 45.519 94.039
29 40 12.881 59.843
30 40 87.48 22.443
31 40 80.761 60.712
32 40 98.831 13.905
33 40 62.616 72.422
34 40 13.903 12.216
35 40 68.989 13.357
36 40 42.741 49.02
37 40 87.152 60.124
38 40 19.037 38.455
39 40 0.938 42.322
0 41 91.949 91.237
1 41 24.358 49.027
2 41 93.983 28.547
3 41 35.374 20.75
4 41 10.67 48.605
5 41 71.987 82.833
6 41 80.557 3.142
7 41 36.76 70.165
8 41 88.344 37.234
9 41 35.71 3.656
10 41 17.304 97.846
11 41 22.635 66.62
12 41 44.022 44.887
13 41 72.323 75.276
14 41 61.697 90.864
15 41 21.315 36.974
16 41 38.442 39.71
17 41 46.277 0.483
18 41 99.684 97.24
19 41 33.43 44.999
20 41 21.014 89.056
21 41 88.689 57.76
22 41 84.91 16.412
23 41 37.726 14.131
24 41 0.82 30.494
25 41 12.572 23.366
26 41 86.444 34.95
27 41 48.884 22.65
28 41 88.588 39.597
29 41 13.188 71.02
30 41 67.455 34.505
31 41 90.164 24.086
32 41 48.843 90.702
33 41 59.006 78.282
34 41 22.375 53.932
35 41 97.682 50.73
36 41 86.894 37.026
37 41 79.273 95.305
38 41 50.14 53.63
39 41 29.833 47.97
40 41 16.319 48.446
0 42 8.421 48.147
1 42 74.497 26.59
2 42 81.426 98.102
3 42 58.794 95.429
4 42 39.105 27.884
5 42 38.493 53.943
6 42 71.449 15.744
7 42 46.717 21.813
8 42 17.026 43.35
9 42 87.127 58.844
10 42 55.392 84.396
11 42 74.483 37.119
12 42 31.048 94.068
13 42 64.418 76.737
14 42 18.166 82.564
15 42 91.112 97.485
16 42 91.34 58.2
17 42 5.202 51.712
18 42 48.028 50.545
19 42 77.594 5.242
20 42 41.112 36.774
21 42 83.727 71.215
22 42 29.842 46.853
23 42 35.958 77.497
24 42 14.797 45.984
25 42 90.638 14.499
26 42 68.175 13.64
27 42 27.666 76.46
28 42 0.374 4.99
29 42 41.351 35.497
30 42 72.373 39.077
31 42 99.631 66.62
32 42 44.216 91.376
33 42 81.621 25.176
34 42 10.634 98.947
35 42 76.975 24.303
36 42 81.022 56.589
37 42 91.21 56.095
38 42 22.957 83.401
39 42 97.317 73.745
40 42 88.919 20.147
41 42 10.803 92.108
0 43 22.143 55.422
1 43 2.979 10.604
2 43 99.377 28.927
3 43 8.865 55.969
4 43 76.516 20.368
5 43 91.146 12.92
6 43 48.568 76.299
7 43 89.111 81.29
8 43 87.171 95.05
9 43 45.125 59.045
10 43 78.15 84.063
11 43 92.092 11.006
12 43 64.612 51.702
13 43 79.693 32.888
14 43 37.917 90.053
15 43 31.93 45.887
16 43 8.427 60.309
17 43 12.088 78.465
18 43 63.798 76.08
19 43 52.597 65.736
20 43 15.212 71.011
21 43 81.958 47.185
22 43 62.436 25.822
23 43 58.862 86.46
24 43 57.055 90.063
25 43 86.816 49.662
26 43 57.095 96.124
27 43 18.1 84.089
28 43 28.038 42.739
29 43 73.799 9.128
30 43 70.157 10.165
31 43 73.452 3.69
32 43 27.986 4.814
33 43 79.42 68.341
34 43 28.369 53.655
35 43 49.694 95.552
36 43 86.383 43.215
37 43 10.751 23.54
38 43 58.297 33.85
39 43 93.352 54.757
40 43 81.443 16.733
41 43 46.727 85.472
42 43 45.908 72.845
0 44 20.471 52.645
1 44 99.218 60.207
2 44 37.041 37.637
3 44 32.131 22.256
4 44 5.606 3.068
5 44 72.049 91.725
6 44 27.632 77.557
7 44 49.582 34.902
8 44 6.727 28.679
9 44 66.76 32.734
10 44 1.488 82.454
11 44 90.18 44.925
12 44 64.011 82.932
13 44 96.32 82.908
14 44 16.018 34.209
15 44 47.552 36.847
16 44 35.894 56.835
17 44 56.904 1.809
18 44 1.337 18.61
19 44 54.976 97.27
20 44 1.426 43.41
21 44 47.367 16.455
22 44 33.15 50.644
23 44 32.566 49.828
24 44 12.567 46.013
25 44 50.567 45.038
26 44 51.679 91.079
27 44 13.019 68.689
28 44 49.67 16.237
29 44 65.759 47.927
30 44 94.032 55.251
31 44 68.746 74.92
32 44 58.681 78.439
33 44 54.052 67.815
34 44 46.326 83.316
35 44 24.698 75.628
36 44 54.326 21.409
37 44 87.139 64.061
38 44 84.141 6.227
39 44 68.831 8.661
40 44 86.412 60.572
41 44 79.11 83.619
42 44 30.693 83.322
43 44 71.914 16.822
0 45 75.125 79.445
1 45 84.286 2.783
2 45 74.3 35.367
3 45 4.751 44.924
4 45 40.84 0.851
5 45 40.813 52.866
6 45 97.955 86.26
7 45 84.478 7.346
8 45 60.3 1.483
9 45 55.86 35.283
10 45 45.539 10.699
11 45 73.506 19.674
12 45 20.705 92.944
13 45 63.601 54.28
14 45 77.356 28.815
15 45 64.914 31.027
16 45 95.374 44.171
17 45 24.627 97.352
18 45 31.282 90.423
19 45 13.718 19.697
20 45 31.112 91.536
21 45 82.475 97.077
22 45 98.02 69.573
23 45 2.345 7.825
24 45 74.44 79.099
25 45 16.711 30.502
26 45 29.134 88.415
27 45 20.557 89.73
28 45 7.085 3.109
29 45 78.39 66.917
30 45 42.39 27.593
31 45 51.564 1.864
32 45 68.316 45.964
33 45 34.945 11.884
34 45 28.674 87.835
35 45 88.395 77.079
36 45 31.243 53.318
37 45 18.046 29.34
38 45 95.283 10.053
39 45 90.228 39.426
40 45 98.709 58.641
41 45 20.504 5.312
42 45 20.855 44.568
43 45 6.679 35.383
44 45 89.571 37.426
0 46 70.175 59.396
1 46 40.073 80.471
2 46 71.814 95.761
3 46 35.651 95.405
4 46 52.104 5.36
5 46 26.53 77.768
6 46 29.354 81.377
7 46 57.919 45.778
8 46 99.14 98.179
9 46 47.246 35.205
10 46 7.683 66.79
11 46 69.223 38.108
12 46 58.918 12.296
13 46 8.679 31.38
14 46 35.348 53.28
15 46 93.695 60.961
16 46 13.505 12.015
17 46 34.284 25.775
18 46 94.814 34.557
19 46 54.576 7.196
20 46 70.597 62.819
21 46 16.209 98.826
22 46 94.975 46.801
23 46 23.074 25.192
24 46 67.041 69.283
25 46 35.96 87.206
26 46 53.795 32.844
27 46 62.123 51.726
28 46 69.414 97.737
29 46 92.435 17.281
30 46 95.145 36.088
31 46 0.668 16.754
32 46 91.834 70.138
33 46 41.374 77.14
34 46 18.032 0.254
35 46 42.826 74.228
36 46 79.892 80.26
37 46 49.047 11.458
38 46 35.24 34.659
39 46 93.757 15.052
40 46 10.892 55.468
41 46 39.784 99.085
42 46 28.498 54.709
43 46 66.326 56.165
44 46 36.525 95.898
45 46 71.146 1.234
0 47 6.847 64.219
1 47 91.218 56.669
2 47 33.586 16.545
3 47 24.64 90.06
4 47 3.709 64.15
5 47 76.935 3.071
6 47 66.293 31.655
7 47 75.479 77.832
8 47 4.381 75.475
9 47 61.809 38.77
10 47 94.913 18.666
11 47 57.399 29.932
12 47 53.88 51.705
13 47 54.612 29.516
14 47 77.007 26.064
15 47 8.436 15.779
16 47 78.143 83.948
17 47 55.766 6.222
18 47 26.341 15.261
19 47 28.185 14.278
20 47 29.748 34.734
21 47 43.218 45.376
22 47 25.663 57.462
23 47 6.397 8.333
24 47 39.569 75.06
25 47 68.93 49.834
26 47 76.199 42.159
27 47 81.804 15.5
28 47 7.462 4.222
29 47 93.731 47.274
30 47 67.736 45.357
31 47 45.755 2.963
32 47 31.496 29.899
33 47 52.131 18.198
34 47 30.298 31.288
35 47 54.459 2.205
36 47 27.812 5.04
37 47 86.926 59.267
38 47 95.424 71.216
39 47 95.52 32.254
40 47 85.383 91.596
41 47 35.139 57.259
42 47 78.764 16.163
43 47 65.846 17.771
44 47 9.078 22.241
45 47 12.885 42.073
46 47 83.446 73.346
0 48 83.692 1.107
1 48 38.3 96.318
2 48 75.638 80.867
3 48 91.155 89.925
4 48 22.681 69.963
5 48 67.671 17.414
6 48 86.634 89.135
7 48 9.571 9.144
8 48 31.162 87.323
9 48 31.817 76.784
10 48 98.185 8.533
11 48 83.944 53.897
12 48 57.098 35.763
13 48 19.327 96.008
14 48 65.747 79.118
15 48 90.149 22.978
16 48 74.119 73.735
17 48 95.18 39.421
18 48 57.569 49.159
19 48 19.152 84.611
20 48 70.244 54.942
21 48 81.908 87.207
22 48 87.036 82.476
23 48 25.511 20.398
24 48 88.197 59.715
25 48 9.423 50.187
26 48 81.457 72.162
27 48 33.343 78.466
28 48 79.984 70.32
29 48 6.865 71.02
30 48 94.13 33.418
31 48 76.512 43.177
32 48 68.937 89.711
33 48 51.897 71.685
34 48 53.699 88.058
35 48 34.702 47.631
36 48 99.389 34.213
37 48 66.662 91.658
38 48 15.902 65.466
39 48 29.1 36.413
40 48 71.549 90.949
41 48 2.355 12.262
42 48 61.48 10.297
43 48 41.827 81.244
44 48 48.681 84.266
45 48 17.273 47.46
46 48 94.356 2.399
47 48 71.463 74.783
0 49 36.118 81.678
1 49 21.342 15.915
2 49 61.062 67.76
3 49 52.555 61.621
4 49 8.139 13.49
5 49 22.954 9.353
6 49 10.186 88.717
7 49 14.988 26.442
8 49 89.972 70.336
9 49 82.765 11.676
10 49 5.303 27.154
11 49 60.41 6.065
12 49 30.205 32.08
13 49 26.942 85.917
14 49 22.174 34.672
15 49 31.055 7.225
16 49 47.76 44.474
17 49 40.18 63.593
18 49 74.078 67.854
19 49 94.527 75.607
20 49 46.024 42.049
21 49 62.784 50.407
22 49 58.86 6.864
23 49 24.763 25.271
24 49 24.064 72.563
25 49 54.107 77.104
26 49 89.065 54.864
27 49 79.303 65.971
28 49 22.83 97.972
29 49 47.626 69.893
30 49 9.644 36.392
31 49 68.063 41.517
32 49 34.875 33.816
33 49 56.006 26.138
34 49 61.956 86.951
35 49 34.856 63.987
36 49 69.21 33.859
37 49 69.61 12.129
38 49 7.597 45.88
39 49 20.851 98.905
40 49 61.779 12.97
41 49 63.063 36.413
42 49 91.768 74.687
43 49 35.205 34.278
44 49 90.036 43.164
45 49 48.97 39.954
46 49 0.293 87.871
47 49 67.687 77.527
48 49 24.721 37.161
