10
65.703
0 1 17.559 35.12
0 2 21.406 39.74
0 3 33.119 35.638
0 4 8.927 14.178
0 5 26.965 38.464
0 6 27.314 11.572
0 7 9.886 25.46
0 8 33.06 31.116
0 9 33.618 28.267
1 2 27.671 16.045
1 3 4.289 26.024
1 4 23.435 27.46
1 5 21.77 7.807
1 6 22.587 22.582
1 7 8.432 19.073
1 8 16.742 7.219
1 9 21.488 16.717
2 3 17.186 25.374
2 4 13.232 24.071
2 5 15.578 18.887
2 6 13.819 5.947
2 7 23.462 34.075
2 8 23.271 10.88
2 9 27.478 32.485
3 4 20.837 6.651
3 5 26.587 23.137
3 6 30.001 7.44
3 7 33.908 23.757
3 8 10.603 12.013
3 9 16.103 32.309
4 5 3.575 19.363
4 6 32.841 21.697
4 7 21.716 19.601
4 8 19.072 20.053
4 9 5.641 40.643
5 6 22.584 13.249
5 7 19.557 43.447
5 8 5.168 39.268
5 9 31.964 37.249
6 7 24.612 15.275
6 8 30.649 10.278
6 9 3.223 38.593
7 8 31.029 41.357
7 9 7.529 16.357
8 9 13.55 12.875
