10
90.0
0 1 13.972 42.901
0 2 14.422 3.536
0 3 23.262 5.765
0 4 28.086 32.195
0 5 5.666 33.927
0 6 15.646 44.095
0 7 8.635 24.28
0 8 21.742 16.335
0 9 8.903 21.29
1 2 24.549 13.286
1 3 0.568 36.585
1 4 13.447 44.42
1 5 14.143 35.219
1 6 8.15 12.746
1 7 13.815 25.951
1 8 0.382 44.404
1 9 2.289 18.557
2 3 19.002 8.791
2 4 32.124 31.977
2 5 1.394 6.227
2 6 13.864 34.605
2 7 24.919 9.411
2 8 3.994 4.094
2 9 11.23 9.114
3 4 20.258 3.485
3 5 2.251 30.808
3 6 11.191 35.73
3 7 4.233 14.235
3 8 25.697 5.841
3 9 20.026 38.22
4 5 4.758 28.297
4 6 21.087 15.431
4 7 7.082 22.763
4 8 33.729 13.293
4 9 33.236 15.192
5 6 16.258 10.082
5 7 4.0 26.908
5 8 28.723 24.017
5 9 8.737 30.283
6 7 16.599 38.698
6 8 15.865 28.794
6 9 1.517 31.816
7 8 0.502 35.234
7 9 13.059 3.814
8 9 6.225 36.122
