20
96.862
0 1 10.74 1.725
0 2 21.304 4.296
0 3 22.264 2.102
0 4 31.062 2.78
0 5 12.178 3.747
0 6 11.225 3.891
0 7 28.196 3.812
0 8 13.436 1.856
0 9 30.114 1.508
1 2 34.434 4.887
1 3 29.27 2.265
1 4 7.508 3.239
1 5 11.462 3.492
1 6 4.424 3.884
1 7 14.07 4.476
1 8 23.202 2.251
1 9 7.577 2.126
2 3 27.175 3.229
2 4 17.493 3.671
2 5 25.084 1.274
2 6 30.965 4.636
2 7 20.366 1.911
2 8 15.982 3.858
2 9 22.368 3.216
3 4 28.896 1.985
3 5 31.623 2.212
3 6 15.656 4.889
3 7 9.659 1.983
3 8 1.025 3.054
3 9 16.749 2.936
4 5 8.3 2.153
4 6 21.898 1.104
4 7 34.078 2.583
4 8 31.083 2.777
4 9 11.804 3.821
5 6 12.148 4.572
5 7 16.289 3.866
5 8 30.268 3.521
5 9 34.98 3.034
6 7 24.576 1.85
6 8 23.797 1.803
6 9 31.612 1.539
7 8 2.13 2.007
7 9 4.222 2.386
8 9 29.135 4.316
0 10 24.842 4.132
0 11 7.175 3.928
0 12 25.932 4.695
0 13 15.01 3.139
0 14 28.335 4.278
0 15 34.706 1.518
0 16 22.555 4.345
0 17 1.168 3.858
0 18 30.642 1.463
0 19 23.698 4.058
1 10 9.882 2.432
1 11 33.019 1.692
1 12 29.397 2.425
1 13 10.117 3.847
1 14 32.699 1.396
1 15 4.31 4.178
1 16 17.201 3.515
1 17 0.876 3.058
1 18 5.021 1.2
1 19 16.534 3.035
2 10 24.1 3.921
2 11 10.567 1.813
2 12 31.515 2.584
2 13 30.528 3.541
2 14 7.918 2.718
2 15 20.086 3.736
2 16 7.551 2.65
2 17 14.506 1.485
2 18 20.719 2.912
2 19 3.405 3.051
3 10 9.573 3.532
3 11 11.988 2.227
3 12 3.533 4.798
3 13 3.44 1.301
3 14 13.518 1.507
3 15 2.446 2.896
3 16 13.18 4.571
3 17 28.034 3.18
3 18 22.317 3.933
3 19 17.033 3.203
4 10 8.454 1.147
4 11 23.561 2.083
4 12 7.1 1.577
4 13 33.843 3.872
4 14 27.099 3.619
4 15 6.257 1.729
4 16 26.763 2.341
4 17 6.203 1.368
4 18 17.549 4.858
4 19 16.889 1.086
5 10 28.856 2.72
5 11 34.518 2.258
5 12 14.561 1.907
5 13 34.866 4.435
5 14 17.823 4.705
5 15 24.032 4.336
5 16 10.607 1.607
5 17 18.345 2.327
5 18 15.541 1.15
5 19 22.488 2.416
6 10 5.98 2.795
6 11 18.27 4.41
6 12 29.117 2.219
6 13 35.943 4.867
6 14 7.467 2.038
6 15 27.05 2.437
6 16 20.137 2.047
6 17 28.247 2.684
6 18 7.292 3.084
6 19 19.872 3.055
7 10 7.324 4.56
7 11 33.489 3.524
7 12 10.328 2.795
7 13 22.255 3.568
7 14 33.74 2.908
7 15 17.733 1.743
7 16 15.488 4.365
7 17 25.74 3.977
7 18 16.28 3.886
7 19 22.637 1.994
8 10 11.723 2.568
8 11 5.075 3.464
8 12 28.161 3.269
8 13 6.901 1.486
8 14 1.049 2.151
8 15 18.516 4.427
8 16 32.674 1.53
8 17 3.721 3.683
8 18 26.735 3.297
8 19 20.068 3.578
9 10 25.576 1.202
9 11 16.888 1.646
9 12 26.724 4.327
9 13 26.734 3.653
9 14 22.548 4.164
9 15 26.655 1.131
9 16 9.043 4.156
9 17 17.743 4.7
9 18 14.091 4.259
9 19 33.284 1.69
10 11 4.361 1.97
10 12 9.006 2.646
10 13 13.276 1.984
10 14 4.167 1.65
10 15 21.674 4.504
10 16 14.938 3.809
10 17 20.086 4.368
10 18 13.312 4.993
10 19 33.516 1.021
11 12 10.251 2.406
11 13 7.832 4.333
11 14 28.236 2.393
11 15 28.431 4.868
11 16 7.635 3.222
11 17 32.063 3.651
11 18 23.797 3.113
11 19 33.452 1.703
12 13 2.226 4.2
12 14 0.144 1.544
12 15 22.964 2.294
12 16 9.144 2.811
12 17 1.057 3.511
12 18 35.547 4.226
12 19 9.694 2.809
13 14 17.799 2.421
13 15 1.845 1.504
13 16 23.244 4.484
13 17 20.616 4.661
13 18 20.998 2.26
13 19 33.929 3.681
14 15 23.831 1.242
14 16 26.642 3.854
14 17 20.177 3.575
14 18 2.303 2.842
14 19 34.913 2.047
15 16 28.522 2.831
15 17 8.443 4.224
15 18 24.29 3.892
15 19 29.631 2.989
16 17 33.43 3.853
16 18 22.501 4.669
16 19 12.788 1.863
17 18 15.254 3.361
17 19 35.062 2.23
18 19 35.224 2.354
