50
96.862
0 1 10.74 1.725
0 2 21.304 4.296
0 3 22.264 2.102
0 4 31.062 2.78
0 5 12.178 3.747
0 6 11.225 3.891
0 7 28.196 3.812
0 8 13.436 1.856
0 9 30.114 1.508
1 2 34.434 4.887
1 3 29.27 2.265
1 4 7.508 3.239
1 5 11.462 3.492
1 6 4.424 3.884
1 7 14.07 4.476
1 8 23.202 2.251
1 9 7.577 2.126
2 3 27.175 3.229
2 4 17.493 3.671
2 5 25.084 1.274
2 6 30.965 4.636
2 7 20.366 1.911
2 8 15.982 3.858
2 9 22.368 3.216
3 4 28.896 1.985
3 5 31.623 2.212
3 6 15.656 4.889
3 7 9.659 1.983
3 8 1.025 3.054
3 9 16.749 2.936
4 5 8.3 2.153
4 6 21.898 1.104
4 7 34.078 2.583
4 8 31.083 2.777
4 9 11.804 3.821
5 6 12.148 4.572
5 7 16.289 3.866
5 8 30.268 3.521
5 9 34.98 3.034
6 7 24.576 1.85
6 8 23.797 1.803
6 9 31.612 1.539
7 8 2.13 2.007
7 9 4.222 2.386
8 9 29.135 4.316
0 10 24.842 4.132
0 11 7.175 3.928
0 12 25.932 4.695
0 13 15.01 3.139
0 14 28.335 4.278
0 15 34.706 1.518
0 16 22.555 4.345
0 17 1.168 3.858
0 18 30.642 1.463
0 19 23.698 4.058
1 10 9.882 2.432
1 11 33.019 1.692
1 12 29.397 2.425
1 13 10.117 3.847
1 14 32.699 1.396
1 15 4.31 4.178
1 16 17.201 3.515
1 17 0.876 3.058
1 18 5.021 1.2
1 19 16.534 3.035
2 10 24.1 3.921
2 11 10.567 1.813
2 12 31.515 2.584
2 13 30.528 3.541
2 14 7.918 2.718
2 15 20.086 3.736
2 16 7.551 2.65
2 17 14.506 1.485
2 18 20.719 2.912
2 19 3.405 3.051
3 10 9.573 3.532
3 11 11.988 2.227
3 12 3.533 4.798
3 13 3.44 1.301
3 14 13.518 1.507
3 15 2.446 2.896
3 16 13.18 4.571
3 17 28.034 3.18
3 18 22.317 3.933
3 19 17.033 3.203
4 10 8.454 1.147
4 11 23.561 2.083
4 12 7.1 1.577
4 13 33.843 3.872
4 14 27.099 3.619
4 15 6.257 1.729
4 16 26.763 2.341
4 17 6.203 1.368
4 18 17.549 4.858
4 19 16.889 1.086
5 10 28.856 2.72
5 11 34.518 2.258
5 12 14.561 1.907
5 13 34.866 4.435
5 14 17.823 4.705
5 15 24.032 4.336
5 16 10.607 1.607
5 17 18.345 2.327
5 18 15.541 1.15
5 19 22.488 2.416
6 10 5.98 2.795
6 11 18.27 4.41
6 12 29.117 2.219
6 13 35.943 4.867
6 14 7.467 2.038
6 15 27.05 2.437
6 16 20.137 2.047
6 17 28.247 2.684
6 18 7.292 3.084
6 19 19.872 3.055
7 10 7.324 4.56
7 11 33.489 3.524
7 12 10.328 2.795
7 13 22.255 3.568
7 14 33.74 2.908
7 15 17.733 1.743
7 16 15.488 4.365
7 17 25.74 3.977
7 18 16.28 3.886
7 19 22.637 1.994
8 10 11.723 2.568
8 11 5.075 3.464
8 12 28.161 3.269
8 13 6.901 1.486
8 14 1.049 2.151
8 15 18.516 4.427
8 16 32.674 1.53
8 17 3.721 3.683
8 18 26.735 3.297
8 19 20.068 3.578
9 10 25.576 1.202
9 11 16.888 1.646
9 12 26.724 4.327
9 13 26.734 3.653
9 14 22.548 4.164
9 15 26.655 1.131
9 16 9.043 4.156
9 17 17.743 4.7
9 18 14.091 4.259
9 19 33.284 1.69
10 11 4.361 1.97
10 12 9.006 2.646
10 13 13.276 1.984
10 14 4.167 1.65
10 15 21.674 4.504
10 16 14.938 3.809
10 17 20.086 4.368
10 18 13.312 4.993
10 19 33.516 1.021
11 12 10.251 2.406
11 13 7.832 4.333
11 14 28.236 2.393
11 15 28.431 4.868
11 16 7.635 3.222
11 17 32.063 3.651
11 18 23.797 3.113
11 19 33.452 1.703
12 13 2.226 4.2
12 14 0.144 1.544
12 15 22.964 2.294
12 16 9.144 2.811
12 17 1.057 3.511
12 18 35.547 4.226
12 19 9.694 2.809
13 14 17.799 2.421
13 15 1.845 1.504
13 16 23.244 4.484
13 17 20.616 4.661
13 18 20.998 2.26
13 19 33.929 3.681
14 15 23.831 1.242
14 16 26.642 3.854
14 17 20.177 3.575
14 18 2.303 2.842
14 19 34.913 2.047
15 16 28.522 2.831
15 17 8.443 4.224
15 18 24.29 3.892
15 19 29.631 2.989
16 17 33.43 3.853
16 18 22.501 4.669
16 19 12.788 1.863
17 18 15.254 3.361
17 19 35.062 2.23
18 19 35.224 2.354
0 20 4.424 2.365
0 21 16.636 1.586
0 22 6.255 3.312
0 23 7.168 3.633
0 24 1.987 1.371
0 25 23.944 2.19
0 26 35.894 3.527
0 27 7.355 2.931
0 28 35.094 3.285
0 29 13.863 2.715
0 30 4.97 1.743
0 31 19.465 3.193
0 32 17.164 4.952
0 33 23.763 1.056
0 34 34.16 4.728
0 35 1.038 1.613
0 36 33.056 4.016
0 37 18.989 1.941
0 38 22.443 2.483
0 39 0.598 1.339
0 40 25.288 4.765
0 41 0.787 4.52
0 42 15.005 1.535
0 43 22.492 1.134
0 44 27.003 4.105
0 45 25.399 3.397
0 46 24.868 4.938
0 47 15.519 4.746
0 48 6.595 3.317
0 49 9.228 3.279
1 20 17.615 2.457
1 21 28.419 4.221
1 22 10.224 2.607
1 23 10.634 2.339
1 24 27.961 4.239
1 25 31.515 2.64
1 26 35.766 1.188
1 27 3.491 1.101
1 28 17.437 4.283
1 29 4.593 2.449
1 30 23.517 4.32
1 31 25.825 1.033
1 32 24.261 3.721
1 33 32.685 4.596
1 34 9.503 4.485
1 35 33.419 2.522
1 36 35.198 1.394
1 37 33.234 4.061
1 38 23.153 1.127
1 39 11.33 2.019
1 40 35.347 3.032
1 41 1.113 4.953
1 42 28.924 4.113
1 43 27.386 1.473
1 44 10.517 2.856
1 45 9.991 2.679
1 46 20.23 3.884
1 47 26.182 1.367
1 48 0.04 4.732
1 49 10.455 3.054
2 20 27.313 3.588
2 21 3.4 4.864
2 22 4.864 2.371
2 23 1.24 3.033
2 24 23.689 1.817
2 25 17.959 1.14
2 26 29.734 3.159
2 27 26.893 3.839
2 28 22.712 1.274
2 29 30.305 1.808
2 30 11.512 1.872
2 31 12.25 2.487
2 32 26.113 2.183
2 33 31.483 3.408
2 34 8.616 1.167
2 35 26.423 4.825
2 36 3.267 3.168
2 37 31.252 3.937
2 38 7.331 1.444
2 39 7.566 4.308
2 40 9.049 2.098
2 41 1.964 4.352
2 42 30.951 3.366
2 43 4.606 1.493
2 44 32.387 4.699
2 45 23.816 4.913
2 46 20.489 1.135
2 47 35.917 1.942
2 48 22.956 4.234
2 49 33.517 4.903
3 20 9.952 1.551
3 21 0.946 4.456
3 22 3.464 2.053
3 23 15.082 2.094
3 24 3.629 2.652
3 25 19.679 1.874
3 26 32.879 4.488
3 27 7.854 1.833
3 28 28.28 4.252
3 29 8.44 4.923
3 30 10.617 2.431
3 31 23.147 3.041
3 32 28.761 1.427
3 33 14.563 1.456
3 34 32.323 3.732
3 35 35.351 4.476
3 36 32.85 2.133
3 37 23.519 3.373
3 38 28.246 1.363
3 39 4.411 1.257
3 40 15.578 2.227
3 41 19.808 2.476
3 42 30.741 2.823
3 43 29.72 3.992
3 44 26.263 1.589
3 45 13.28 1.173
3 46 25.989 1.598
3 47 7.546 3.097
3 48 11.853 2.36
3 49 17.577 3.074
4 20 0.303 4.751
4 21 3.164 4.424
4 22 31.81 2.717
4 23 7.027 2.819
4 24 28.658 1.151
4 25 18.837 1.383
4 26 12.084 4.246
4 27 35.64 3.762
4 28 15.349 3.247
4 29 4.142 2.679
4 30 20.828 4.727
4 31 34.104 4.557
4 32 5.699 2.705
4 33 1.704 3.347
4 34 22.738 3.744
4 35 23.714 3.001
4 36 28.756 4.556
4 37 18.584 1.605
4 38 17.826 2.999
4 39 7.735 1.774
4 40 19.264 2.377
4 41 14.14 2.245
4 42 32.164 3.159
4 43 25.367 2.508
4 44 6.264 2.997
4 45 4.449 2.305
4 46 35.267 4.924
4 47 30.794 3.158
4 48 32.063 3.359
4 49 33.654 4.374
5 20 0.821 3.267
5 21 8.66 1.495
5 22 18.203 2.698
5 23 18.916 4.621
5 24 7.975 3.807
5 25 22.426 4.925
5 26 1.845 3.43
5 27 7.377 1.482
5 28 12.098 4.231
5 29 14.463 4.543
5 30 33.15 1.12
5 31 1.867 2.535
5 32 17.106 2.518
5 33 18.207 1.915
5 34 3.989 3.366
5 35 17.573 2.977
5 36 4.213 3.674
5 37 16.347 3.72
5 38 7.327 3.267
5 39 0.21 4.623
5 40 32.234 2.919
5 41 0.215 1.364
5 42 21.661 2.309
5 43 11.296 1.603
5 44 20.951 1.554
5 45 28.314 1.154
5 46 5.27 1.063
5 47 28.802 1.975
5 48 8.512 2.822
5 49 28.23 4.754
6 20 6.812 3.066
6 21 27.585 4.264
6 22 24.239 4.126
6 23 25.436 1.903
6 24 2.779 1.211
6 25 24.522 4.759
6 26 18.058 3.642
6 27 4.311 1.043
6 28 10.822 3.65
6 29 17.687 4.971
6 30 12.065 4.609
6 31 5.77 4.124
6 32 32.967 1.363
6 33 19.379 1.976
6 34 12.006 1.537
6 35 10.532 2.571
6 36 2.105 1.98
6 37 27.405 2.468
6 38 12.627 2.236
6 39 30.15 2.808
6 40 16.922 1.449
6 41 20.179 3.178
6 42 5.871 2.445
6 43 17.608 4.666
6 44 24.793 4.517
6 45 22.881 3.156
6 46 22.318 2.986
6 47 21.379 3.242
6 48 12.236 3.773
6 49 33.698 4.339
7 20 19.788 3.359
7 21 34.662 3.324
7 22 28.602 4.315
7 23 28.369 4.434
7 24 23.748 3.078
7 25 25.231 3.546
7 26 2.848 3.465
7 27 19.144 4.468
7 28 1.16 1.785
7 29 14.199 4.789
7 30 12.123 1.17
7 31 19.561 3.492
7 32 14.736 2.15
7 33 24.696 1.564
7 34 12.483 3.422
7 35 1.687 4.172
7 36 19.645 4.425
7 37 11.614 4.833
7 38 2.196 1.38
7 39 16.554 3.486
7 40 18.467 2.216
7 41 26.201 2.38
7 42 13.894 3.778
7 43 2.571 1.541
7 44 21.723 3.594
7 45 7.966 4.166
7 46 5.163 3.571
7 47 28.401 4.825
7 48 30.511 3.225
7 49 0.902 3.325
8 20 18.892 4.467
8 21 22.848 2.0
8 22 30.381 1.818
8 23 20.663 1.809
8 24 20.001 4.719
8 25 8.808 4.902
8 26 0.427 3.561
8 27 25.472 3.251
8 28 0.274 3.555
8 29 21.41 4.543
8 30 35.161 3.742
8 31 30.234 4.479
8 32 34.258 3.349
8 33 9.888 1.284
8 34 20.592 1.253
8 35 4.101 1.372
8 36 25.806 2.503
8 37 15.821 1.6
8 38 18.555 1.175
8 39 31.44 3.962
8 40 34.671 1.134
8 41 14.451 2.918
8 42 14.965 2.043
8 43 27.464 4.606
8 44 34.582 1.301
8 45 19.251 2.701
8 46 28.957 4.683
8 47 30.178 1.305
8 48 1.046 4.443
8 49 29.746 1.913
9 20 33.641 4.279
9 21 7.116 1.59
9 22 5.919 4.504
9 23 16.321 1.551
9 24 6.075 4.055
9 25 24.4 1.214
9 26 18.072 1.764
9 27 21.792 4.484
9 28 35.767 2.811
9 29 8.173 1.33
9 30 13.316 2.274
9 31 14.168 3.041
9 32 8.915 4.396
9 33 25.791 4.653
9 34 10.9 2.461
9 35 29.801 2.876
9 36 14.147 4.665
9 37 35.347 1.118
9 38 24.754 2.572
9 39 15.838 2.849
9 40 34.241 2.282
9 41 28.729 1.701
9 42 6.293 3.531
9 43 16.628 3.821
9 44 35.839 4.079
9 45 14.294 4.662
9 46 33.534 3.963
9 47 30.556 1.771
9 48 26.371 2.911
9 49 7.455 2.005
10 20 27.202 4.305
10 21 1.355 4.931
10 22 6.65 3.364
10 23 28.09 3.127
10 24 23.706 1.113
10 25 18.345 1.594
10 26 35.957 2.307
10 27 17.175 4.453
10 28 26.094 3.623
10 29 2.763 4.355
10 30 10.09 2.169
10 31 33.232 3.676
10 32 33.961 2.387
10 33 10.21 4.958
10 34 16.303 3.318
10 35 11.309 4.641
10 36 35.764 3.078
10 37 35.332 2.298
10 38 24.695 2.179
10 39 6.191 3.684
10 40 18.342 1.425
10 41 30.802 1.995
10 42 22.404 3.116
10 43 9.915 4.043
10 44 4.719 3.014
10 45 12.248 4.632
10 46 16.128 3.65
10 47 13.804 1.894
10 48 11.748 4.506
10 49 11.58 2.192
11 20 13.698 2.611
11 21 22.251 1.151
11 22 8.495 1.115
11 23 28.664 4.51
11 24 17.65 1.015
11 25 0.257 4.839
11 26 7.156 4.851
11 27 20.435 3.587
11 28 7.563 1.704
11 29 16.897 2.095
11 30 33.498 2.389
11 31 6.319 2.047
11 32 32.245 3.907
11 33 21.508 3.249
11 34 18.337 2.323
11 35 3.775 4.518
11 36 3.807 3.423
11 37 16.573 2.019
11 38 1.809 4.663
11 39 27.562 3.548
11 40 12.718 2.448
11 41 34.525 3.378
11 42 0.594 3.568
11 43 23.64 4.189
11 44 23.053 3.356
11 45 16.271 4.419
11 46 29.236 2.179
11 47 10.41 3.726
11 48 4.931 2.76
11 49 3.014 1.235
12 20 16.068 1.288
12 21 26.295 1.247
12 22 22.032 4.885
12 23 17.871 1.192
12 24 31.665 3.403
12 25 18.21 3.977
12 26 16.928 2.115
12 27 25.694 2.302
12 28 33.964 2.102
12 29 4.47 3.555
12 30 29.71 2.941
12 31 35.048 2.125
12 32 1.779 4.183
12 33 9.436 1.527
12 34 2.218 1.718
12 35 23.46 2.726
12 36 10.83 1.597
12 37 25.811 2.22
12 38 30.489 4.276
12 39 16.275 4.957
12 40 6.27 1.92
12 41 32.462 3.473
12 42 6.801 1.44
12 43 24.829 1.271
12 44 10.623 2.111
12 45 12.573 3.781
12 46 1.706 3.529
12 47 30.607 3.728
12 48 33.431 1.967
12 49 3.346 1.911
13 20 29.038 1.771
13 21 9.652 1.443
13 22 5.331 4.079
13 23 4.156 3.514
13 24 11.231 1.356
13 25 21.918 1.15
13 26 2.3 1.69
13 27 23.153 2.45
13 28 34.841 3.875
13 29 23.715 4.994
13 30 14.005 3.578
13 31 5.137 3.484
13 32 33.772 4.453
13 33 30.376 1.609
13 34 11.009 3.11
13 35 29.9 2.213
13 36 32.99 4.673
13 37 11.16 3.218
13 38 33.146 1.827
13 39 24.109 2.081
13 40 13.103 1.865
13 41 21.134 3.002
13 42 13.723 3.663
13 43 4.504 1.899
13 44 9.693 3.675
13 45 8.891 2.494
13 46 32.858 1.984
13 47 2.042 2.721
13 48 34.129 2.677
13 49 11.659 3.756
14 20 13.859 1.411
14 21 2.177 4.627
14 22 30.9 2.378
14 23 18.772 4.545
14 24 28.134 2.614
14 25 24.661 3.587
14 26 26.47 2.238
14 27 11.162 1.539
14 28 34.599 3.263
14 29 14.772 3.171
14 30 0.545 2.964
14 31 27.472 1.289
14 32 31.451 4.962
14 33 22.869 1.327
14 34 35.811 1.189
14 35 4.682 3.91
14 36 8.141 4.547
14 37 33.454 4.086
14 38 27.921 4.301
14 39 28.252 2.25
14 40 18.285 4.677
14 41 16.566 4.931
14 42 19.638 3.199
14 43 6.616 2.893
14 44 27.724 1.961
14 45 21.841 1.528
14 46 15.097 1.284
14 47 0.744 3.915
14 48 6.544 4.602
14 49 2.248 1.064
15 20 16.684 1.474
15 21 9.544 1.28
15 22 18.488 4.62
15 23 22.296 2.163
15 24 26.424 2.112
15 25 27.496 1.681
15 26 31.3 3.05
15 27 5.501 2.657
15 28 2.147 2.187
15 29 1.353 4.101
15 30 10.66 2.622
15 31 26.565 2.452
15 32 22.653 1.511
15 33 19.28 2.374
15 34 22.817 2.608
15 35 5.046 4.073
15 36 20.358 1.106
15 37 21.505 4.576
15 38 24.479 4.286
15 39 1.888 2.463
15 40 19.179 1.203
15 41 5.78 1.027
15 42 1.079 4.7
15 43 7.301 2.023
15 44 1.657 1.098
15 45 2.278 4.458
15 46 27.326 4.723
15 47 21.079 1.793
15 48 28.037 2.963
15 49 26.556 1.909
16 20 7.433 4.414
16 21 22.149 3.659
16 22 12.039 4.115
16 23 9.547 1.656
16 24 26.26 2.168
16 25 11.539 3.046
16 26 12.3 4.749
16 27 32.839 4.368
16 28 2.276 2.916
16 29 3.66 1.91
16 30 29.031 3.447
16 31 35.721 3.492
16 32 34.124 1.663
16 33 10.492 4.443
16 34 16.136 4.796
16 35 35.927 4.751
16 36 27.353 2.667
16 37 11.575 2.999
16 38 24.112 4.294
16 39 6.224 4.495
16 40 12.824 2.002
16 41 4.708 2.801
16 42 2.247 3.787
16 43 32.984 2.666
16 44 16.202 3.157
16 45 33.575 3.516
16 46 11.4 2.605
16 47 16.242 3.667
16 48 5.196 4.152
16 49 35.979 1.162
17 20 3.251 1.14
17 21 6.415 2.523
17 22 11.811 4.028
17 23 15.345 4.915
17 24 29.863 1.613
17 25 18.136 1.585
17 26 14.302 2.967
17 27 9.103 1.736
17 28 15.385 2.105
17 29 21.714 4.173
17 30 25.423 2.769
17 31 2.473 4.996
17 32 31.829 1.398
17 33 31.625 4.237
17 34 28.909 2.454
17 35 10.195 3.555
17 36 23.517 3.936
17 37 17.326 1.317
17 38 17.381 3.456
17 39 15.502 4.032
17 40 25.076 3.089
17 41 10.206 4.545
17 42 17.537 3.216
17 43 21.289 4.322
17 44 31.473 2.387
17 45 10.443 3.128
17 46 34.926 2.397
17 47 28.802 3.561
17 48 28.752 3.63
17 49 2.941 2.428
18 20 33.339 3.075
18 21 8.725 4.203
18 22 4.743 2.02
18 23 34.018 2.077
18 24 26.223 3.017
18 25 7.076 1.639
18 26 6.627 1.57
18 27 9.632 1.687
18 28 3.107 1.061
18 29 29.285 1.2
18 30 25.959 1.064
18 31 26.818 3.456
18 32 16.941 4.268
18 33 1.229 2.966
18 34 17.584 1.516
18 35 17.914 4.922
18 36 31.295 1.506
18 37 16.263 4.685
18 38 26.164 1.35
18 39 3.236 1.079
18 40 13.679 2.778
18 41 31.925 4.032
18 42 9.094 1.571
18 43 5.235 2.188
18 44 11.522 1.564
18 45 18.476 4.895
18 46 6.467 2.781
18 47 13.171 3.957
18 48 2.654 1.655
18 49 18.779 4.663
19 20 4.375 4.194
19 21 0.545 2.715
19 22 11.413 4.336
19 23 34.98 1.204
19 24 3.361 3.304
19 25 16.445 4.5
19 26 13.892 2.162
19 27 7.256 4.693
19 28 24.783 2.37
19 29 18.299 3.358
19 30 13.215 3.789
19 31 1.272 4.558
19 32 6.111 1.348
19 33 14.78 2.512
19 34 22.241 1.891
19 35 30.856 2.857
19 36 2.414 1.383
19 37 14.407 2.203
19 38 25.675 3.558
19 39 29.794 4.798
19 40 23.474 2.418
19 41 4.321 3.77
19 42 31.681 4.709
19 43 18.502 2.908
19 44 4.563 4.726
19 45 15.205 2.847
19 46 14.72 3.492
19 47 16.239 1.068
19 48 0.785 1.485
19 49 26.638 2.357
20 21 14.581 1.028
20 22 1.483 1.328
20 23 10.213 4.855
20 24 33.628 3.987
20 25 5.647 4.982
20 26 28.122 3.696
20 27 4.469 4.745
20 28 2.226 3.545
20 29 3.867 2.063
20 30 25.978 2.393
20 31 4.197 4.453
20 32 25.028 4.404
20 33 4.011 4.196
20 34 12.969 1.877
20 35 30.867 3.298
20 36 12.064 4.019
20 37 12.552 3.045
20 38 26.332 1.469
20 39 3.778 2.32
20 40 17.402 1.76
20 41 14.066 3.186
20 42 10.825 2.639
20 43 29.883 2.113
20 44 28.915 1.799
20 45 11.906 1.002
20 46 18.974 4.517
20 47 18.678 2.256
20 48 34.399 4.997
20 49 29.912 1.768
21 22 16.164 4.118
21 23 15.149 1.604
21 24 26.64 1.741
21 25 0.856 3.109
21 26 9.825 4.325
21 27 9.966 4.091
21 28 8.482 3.598
21 29 5.583 4.289
21 30 31.537 1.324
21 31 30.854 4.551
21 32 8.649 1.808
21 33 17.892 4.276
21 34 14.017 4.285
21 35 25.287 2.137
21 36 29.299 4.297
21 37 28.206 4.167
21 38 14.521 3.066
21 39 33.747 2.385
21 40 10.059 3.789
21 41 22.463 4.952
21 42 8.601 4.039
21 43 6.623 2.139
21 44 16.707 3.252
21 45 0.621 4.686
21 46 12.634 3.139
21 47 4.793 3.505
21 48 31.84 4.186
21 49 12.426 4.682
22 23 2.723 3.166
22 24 19.12 4.202
22 25 3.503 4.565
22 26 10.743 3.393
22 27 14.944 1.157
22 28 31.608 1.495
22 29 35.142 1.339
22 30 16.508 3.919
22 31 3.616 4.359
22 32 27.18 1.708
22 33 11.832 2.643
22 34 22.054 1.727
22 35 2.609 1.429
22 36 0.044 2.063
22 37 4.572 1.669
22 38 2.569 2.876
22 39 33.496 2.557
22 40 20.877 2.391
22 41 13.678 4.217
22 42 27.516 3.288
22 43 6.099 4.81
22 44 2.984 4.865
22 45 31.438 2.121
22 46 19.375 1.56
22 47 12.728 2.231
22 48 27.545 4.802
22 49 26.17 4.242
23 24 1.639 2.054
23 25 4.402 3.214
23 26 15.531 3.994
23 27 35.566 1.327
23 28 33.709 2.067
23 29 22.659 3.96
23 30 8.379 2.008
23 31 4.377 3.655
23 32 25.006 4.097
23 33 22.359 1.113
23 34 35.461 4.075
23 35 18.489 1.813
23 36 22.595 4.104
23 37 34.111 1.884
23 38 19.874 4.105
23 39 28.056 2.587
23 40 14.31 1.605
23 41 33.71 1.605
23 42 32.136 3.257
23 43 34.195 3.368
23 44 20.024 4.856
23 45 29.646 3.33
23 46 18.77 3.952
23 47 23.847 2.552
23 48 9.61 3.609
23 49 15.192 3.251
24 25 4.436 4.039
24 26 22.751 4.248
24 27 20.974 2.588
24 28 1.492 1.633
24 29 33.198 2.684
24 30 18.706 4.881
24 31 3.43 4.958
24 32 8.779 3.247
24 33 31.219 1.443
24 34 7.609 1.587
24 35 29.462 2.43
24 36 10.281 3.824
24 37 33.192 4.505
24 38 20.611 4.376
24 39 17.975 2.189
24 40 17.017 3.637
24 41 21.13 1.168
24 42 20.846 2.45
24 43 28.859 2.243
24 44 24.495 2.444
24 45 12.078 4.602
24 46 33.92 1.298
24 47 27.126 4.083
24 48 28.552 2.698
24 49 13.882 2.299
25 26 0.568 4.868
25 27 16.441 3.314
25 28 21.522 1.674
25 29 20.16 3.892
25 30 31.758 3.576
25 31 0.815 1.502
25 32 10.382 1.341
25 33 26.879 3.951
25 34 33.027 2.008
25 35 14.377 3.135
25 36 7.417 4.201
25 37 33.889 3.955
25 38 30.244 1.772
25 39 8.769 1.746
25 40 21.796 2.781
25 41 16.474 1.38
25 42 26.632 3.205
25 43 5.412 1.544
25 44 2.884 3.633
25 45 12.206 2.668
25 46 29.938 3.998
25 47 17.387 4.139
25 48 8.492 3.606
25 49 34.368 2.503
26 27 35.032 3.076
26 28 15.281 2.504
26 29 10.614 3.257
26 30 2.266 4.263
26 31 23.36 1.245
26 32 5.246 4.472
26 33 32.375 3.373
26 34 33.738 4.0
26 35 12.823 1.651
26 36 6.923 2.011
26 37 22.84 3.87
26 38 16.403 4.448
26 39 21.186 4.749
26 40 32.131 2.425
26 41 8.802 3.505
26 42 15.532 3.928
26 43 29.118 3.723
26 44 25.205 3.311
26 45 32.384 1.364
26 46 21.522 2.392
26 47 14.136 1.382
26 48 0.643 2.713
26 49 22.884 4.778
27 28 15.276 4.796
27 29 19.363 2.831
27 30 28.148 1.637
27 31 8.771 3.788
27 32 2.302 2.859
27 33 20.639 4.87
27 34 24.75 1.716
27 35 13.596 3.673
27 36 23.986 3.512
27 37 6.898 4.431
27 38 30.138 3.585
27 39 11.503 1.056
27 40 24.441 1.737
27 41 34.705 3.566
27 42 0.539 2.158
27 43 34.19 4.964
27 44 21.355 3.014
27 45 19.75 3.376
27 46 30.526 3.629
27 47 12.267 2.118
27 48 5.012 4.147
27 49 28.651 4.709
28 29 0.188 2.538
28 30 35.098 4.6
28 31 35.591 4.922
28 32 23.1 3.101
28 33 2.724 4.07
28 34 35.774 1.775
28 35 9.69 3.127
28 36 15.835 1.547
28 37 16.359 4.828
28 38 19.897 1.933
28 39 8.871 2.503
28 40 9.658 2.349
28 41 31.825 2.924
28 42 2.016 3.091
28 43 10.082 3.204
28 44 18.017 1.865
28 45 33.794 3.989
28 46 12.521 4.838
28 47 1.001 3.112
28 48 32.125 4.774
28 49 29.443 1.341
29 30 15.336 2.382
29 31 35.529 3.474
29 32 16.617 4.422
29 33 6.948 2.195
29 34 12.688 1.507
29 35 3.799 1.332
29 36 13.888 1.927
29 37 18.11 4.849
29 38 35.579 2.539
29 39 4.149 3.735
29 40 6.108 4.477
29 41 9.195 4.588
29 42 4.181 3.198
29 43 22.992 3.13
29 44 16.626 4.483
29 45 18.346 4.885
29 46 4.052 2.564
29 47 6.095 3.22
29 48 17.182 1.37
29 49 3.702 3.419
30 31 30.61 2.654
30 32 26.675 2.115
30 33 16.176 2.154
30 34 19.626 2.048
30 35 15.777 3.518
30 36 0.972 1.643
30 37 11.026 3.64
30 38 13.182 3.736
30 39 11.287 4.056
30 40 17.258 2.186
30 41 31.489 4.687
30 42 14.185 2.434
30 43 8.984 4.794
30 44 19.578 1.591
30 45 30.606 1.891
30 46 16.753 4.837
30 47 32.899 1.143
30 48 9.66 1.001
30 49 18.488 4.655
31 32 19.878 3.068
31 33 32.349 2.573
31 34 1.429 4.777
31 35 13.602 2.785
31 36 26.411 2.914
31 37 11.053 3.417
31 38 1.377 1.334
31 39 21.908 3.233
31 40 21.925 1.562
31 41 12.959 4.587
31 42 2.97 3.204
31 43 31.047 1.335
31 44 15.828 1.43
31 45 9.804 4.625
31 46 4.936 1.538
31 47 34.268 4.114
31 48 25.52 2.538
31 49 14.345 4.816
32 33 21.432 4.338
32 34 23.978 1.796
32 35 5.734 2.122
32 36 9.344 1.097
32 37 33.84 2.769
32 38 28.311 4.46
32 39 8.899 2.497
32 40 5.793 1.964
32 41 30.222 4.408
32 42 13.219 1.019
32 43 21.198 4.366
32 44 16.298 4.972
32 45 30.183 4.278
32 46 1.99 4.115
32 47 3.877 3.385
32 48 15.116 1.872
32 49 31.692 3.243
33 34 17.499 1.664
33 35 8.121 1.852
33 36 23.573 4.926
33 37 28.56 2.844
33 38 11.152 3.084
33 39 11.21 4.823
33 40 30.373 1.95
33 41 29.783 3.957
33 42 17.043 1.648
33 43 29.368 3.853
33 44 2.199 1.122
33 45 26.116 2.155
33 46 31.298 3.949
33 47 28.382 3.577
33 48 24.112 4.474
33 49 29.603 3.695
34 35 22.815 2.105
34 36 33.838 2.555
34 37 22.87 2.087
34 38 12.935 4.584
34 39 23.931 3.606
34 40 10.088 2.145
34 41 10.514 3.238
34 42 16.432 1.242
34 43 24.889 4.404
34 44 2.729 2.107
34 45 9.222 1.735
34 46 12.319 1.032
34 47 15.337 3.315
34 48 19.622 3.475
34 49 21.378 3.723
35 36 25.234 3.501
35 37 24.275 1.872
35 38 35.464 1.491
35 39 22.638 3.072
35 40 30.142 1.818
35 41 0.271 2.399
35 42 20.782 1.126
35 43 1.508 2.976
35 44 4.137 3.614
35 45 10.123 4.149
35 46 13.792 4.635
35 47 11.166 3.818
35 48 0.086 2.649
35 49 28.103 2.347
36 37 23.269 4.557
36 38 7.758 2.742
36 39 31.988 2.392
36 40 16.576 1.536
36 41 12.921 2.894
36 42 6.599 1.9
36 43 7.685 4.586
36 44 20.602 3.902
36 45 21.649 3.124
36 46 8.269 1.906
36 47 34.267 1.212
36 48 11.237 4.4
36 49 35.542 2.582
37 38 0.378 3.591
37 39 1.036 4.412
37 40 10.289 3.152
37 41 4.702 2.202
37 42 14.49 3.049
37 43 10.965 3.786
37 44 11.695 1.433
37 45 18.076 2.922
37 46 24.155 3.504
37 47 25.306 3.304
37 48 7.797 2.689
37 49 29.954 2.957
38 39 8.449 4.298
38 40 5.983 2.527
38 41 8.494 2.237
38 42 22.324 3.358
38 43 26.723 4.696
38 44 20.118 4.731
38 45 33.0 3.354
38 46 20.05 4.025
38 47 29.969 2.426
38 48 17.959 2.803
38 49 23.375 4.548
39 40 3.34 1.753
39 41 12.083 4.406
39 42 26.209 2.757
39 43 12.489 2.875
39 44 16.387 1.072
39 45 7.889 4.475
39 46 10.992 4.311
39 47 26.882 2.909
39 48 23.661 1.992
39 49 31.572 1.332
40 41 34.993 2.621
40 42 11.136 2.377
40 43 22.821 2.906
40 44 16.661 2.808
40 45 11.689 3.388
40 46 31.949 3.684
40 47 35.517 3.93
40 48 31.158 4.745
40 49 22.005 3.422
41 42 2.84 3.787
41 43 7.04 4.546
41 44 15.426 4.38
41 45 22.482 3.477
41 46 31.88 2.723
41 47 7.422 2.412
41 48 7.48 4.567
41 49 18.496 1.699
42 43 0.525 4.084
42 44 15.804 2.559
42 45 25.267 3.633
42 46 5.728 3.596
42 47 5.612 4.879
42 48 33.199 2.666
42 49 5.022 1.879
43 44 34.176 4.931
43 45 3.73 2.614
43 46 31.011 1.527
43 47 13.918 1.486
43 48 27.22 4.79
43 49 34.642 1.98
44 45 4.338 2.783
44 46 8.218 1.97
44 47 20.969 4.59
44 48 17.815 3.015
44 49 14.764 4.288
45 46 19.762 3.592
45 47 31.487 3.304
45 48 17.498 4.516
45 49 31.702 4.155
46 47 27.419 3.709
46 48 12.236 4.44
46 49 12.777 3.458
47 48 12.389 2.584
47 49 22.727 1.028
48 49 17.73 1.92
