20
98.01
0 1 10.296 26.101
0 2 13.448 33.465
0 3 3.472 20.317
0 4 8.538 40.831
0 5 11.08 42.091
0 6 13.635 41.725
0 7 34.295 19.215
0 8 28.097 6.608
0 9 30.797 26.741
0 10 5.096 9.085
0 11 6.046 28.18
0 12 6.82 23.922
0 13 15.502 11.603
0 14 21.606 35.836
0 15 26.146 29.976
0 16 23.065 39.811
0 17 35.716 3.961
0 18 8.54 3.116
0 19 6.112 14.358
1 2 4.084 9.594
1 3 7.607 20.212
1 4 12.804 38.626
1 5 35.584 7.374
1 6 4.102 31.729
1 7 13.556 4.757
1 8 14.729 29.522
1 9 20.455 19.266
1 10 11.912 13.531
1 11 22.421 44.501
1 12 5.307 33.489
1 13 1.774 14.913
1 14 13.138 29.209
1 15 35.183 42.819
1 16 1.443 10.441
1 17 26.367 11.163
1 18 0.843 9.011
1 19 2.881 40.41
2 3 11.564 20.838
2 4 7.217 10.452
2 5 22.393 39.614
2 6 25.217 7.615
2 7 33.978 36.783
2 8 3.96 27.311
2 9 31.944 11.676
2 10 34.144 20.491
2 11 20.657 10.677
2 12 27.543 36.079
2 13 32.046 35.261
2 14 26.66 27.095
2 15 3.016 24.671
2 16 22.301 19.368
2 17 12.603 9.069
2 18 5.711 42.066
2 19 33.632 5.82
3 4 22.501 5.151
3 5 33.642 27.55
3 6 15.244 36.282
3 7 21.947 33.105
3 8 28.135 40.289
3 9 16.381 9.915
3 10 18.241 19.741
3 11 26.431 11.261
3 12 29.488 4.596
3 13 30.666 44.059
3 14 8.828 9.362
3 15 11.612 3.832
3 16 9.014 17.515
3 17 6.179 25.826
3 18 10.424 21.658
3 19 28.52 40.323
4 5 28.444 42.668
4 6 14.818 44.809
4 7 0.829 35.506
4 8 26.414 17.068
4 9 18.016 13.271
4 10 4.143 34.326
4 11 6.126 8.343
4 12 31.361 10.336
4 13 27.824 42.53
4 14 16.997 8.772
4 15 28.557 29.21
4 16 14.042 24.469
4 17 2.814 32.83
4 18 11.698 16.56
4 19 17.384 39.286
5 6 14.632 14.889
5 7 24.719 38.116
5 8 4.636 10.129
5 9 6.297 15.844
5 10 3.614 21.794
5 11 26.956 30.859
5 12 24.407 40.994
5 13 21.748 4.604
5 14 1.332 20.612
5 15 19.609 11.208
5 16 23.685 34.168
5 17 28.017 5.102
5 18 31.57 36.914
5 19 29.87 10.026
6 7 3.593 31.461
6 8 4.764 11.233
6 9 9.524 9.352
6 10 9.128 22.306
6 11 16.857 29.352
6 12 3.664 11.557
6 13 35.068 21.537
6 14 24.499 4.63
6 15 20.558 9.515
6 16 34.089 10.755
6 17 21.432 29.647
6 18 0.565 13.921
6 19 29.607 19.877
7 8 2.658 6.813
7 9 33.176 27.644
7 10 15.685 23.672
7 11 7.681 35.587
7 12 8.131 41.918
7 13 18.862 34.647
7 14 24.198 14.619
7 15 31.869 38.578
7 16 6.127 9.256
7 17 21.435 18.263
7 18 31.609 19.821
7 19 8.65 34.788
8 9 10.771 16.07
8 10 18.277 22.549
8 11 2.394 20.505
8 12 12.717 20.751
8 13 2.797 14.565
8 14 9.53 39.856
8 15 9.812 20.476
8 16 19.255 28.905
8 17 5.643 17.073
8 18 15.73 20.231
8 19 0.818 13.015
9 10 23.955 15.214
9 11 28.318 43.815
9 12 24.412 22.018
9 13 4.464 22.469
9 14 6.538 29.906
9 15 34.199 12.681
9 16 27.047 24.515
9 17 12.182 35.899
9 18 15.07 5.937
9 19 27.297 37.028
10 11 15.477 31.028
10 12 3.191 31.062
10 13 8.58 36.15
10 14 13.449 25.697
10 15 8.682 31.353
10 16 31.093 27.538
10 17 3.07 23.691
10 18 9.526 33.922
10 19 25.927 39.463
11 12 11.257 21.174
11 13 35.223 20.671
11 14 28.717 39.427
11 15 2.09 7.829
11 16 25.47 8.082
11 17 6.466 15.181
11 18 8.633 32.676
11 19 6.726 16.914
12 13 17.016 20.606
12 14 1.825 43.189
12 15 1.708 7.131
12 16 22.051 14.247
12 17 21.896 31.868
12 18 10.029 3.28
12 19 13.997 24.921
13 14 33.245 36.42
13 15 0.21 36.07
13 16 26.956 29.805
13 17 16.575 19.053
13 18 23.308 33.51
13 19 2.049 29.97
14 15 10.162 18.12
14 16 5.495 40.011
14 17 26.406 30.313
14 18 5.658 8.887
14 19 4.779 27.927
15 16 21.337 12.521
15 17 18.665 24.905
15 18 6.333 31.921
15 19 17.888 11.068
16 17 15.982 11.324
16 18 35.399 22.029
16 19 19.913 39.795
17 18 35.556 3.945
17 19 13.643 5.112
18 19 2.729 11.266
