10
74.346
0 1 16.413 16.206
0 2 10.095 14.852
0 3 13.503 5.743
0 4 18.981 16.508
0 5 4.305 24.162
0 6 16.938 12.328
0 7 21.831 3.562
0 8 31.87 18.254
0 9 17.134 12.208
1 2 15.932 16.62
1 3 21.723 7.902
1 4 1.428 19.051
1 5 3.451 3.435
1 6 5.159 20.708
1 7 23.326 19.473
1 8 0.209 8.502
1 9 13.3 11.566
2 3 7.629 8.259
2 4 23.219 15.991
2 5 11.174 22.247
2 6 13.125 9.015
2 7 9.351 1.146
2 8 21.92 8.536
2 9 7.39 2.424
3 4 4.309 20.219
3 5 14.103 5.111
3 6 22.606 21.523
3 7 8.629 8.829
3 8 9.39 15.876
3 9 3.665 8.503
4 5 26.157 25.831
4 6 35.808 17.229
4 7 26.34 20.821
4 8 4.245 18.966
4 9 33.719 12.636
5 6 21.864 21.873
5 7 7.047 3.496
5 8 24.9 7.864
5 9 30.501 10.385
6 7 18.54 10.271
6 8 11.353 5.582
6 9 1.222 9.517
7 8 11.338 3.427
7 9 32.849 14.664
8 9 21.29 16.28
