20
75.734
0 1 0.042 7.197
0 2 25.259 14.128
0 3 2.047 11.997
0 4 31.464 13.59
0 5 1.289 10.299
0 6 7.617 7.854
0 7 28.508 19.785
0 8 15.196 13.465
0 9 6.82 23.523
0 10 34.764 7.539
0 11 35.901 15.842
0 12 23.93 9.879
0 13 8.617 23.592
0 14 24.767 2.669
0 15 32.521 6.967
0 16 15.119 16.121
0 17 2.76 10.868
0 18 13.252 5.474
0 19 7.872 1.29
1 2 21.137 13.317
1 3 19.188 21.316
1 4 4.472 15.663
1 5 8.999 3.356
1 6 15.226 14.138
1 7 16.713 8.224
1 8 25.854 1.181
1 9 17.22 7.532
1 10 22.2 21.535
1 11 11.571 15.513
1 12 9.821 12.252
1 13 3.327 8.528
1 14 14.705 25.986
1 15 5.929 12.308
1 16 7.213 19.691
1 17 5.052 11.245
1 18 33.048 8.91
1 19 16.297 16.632
2 3 25.102 13.359
2 4 5.941 23.2
2 5 14.448 7.535
2 6 13.275 15.899
2 7 26.814 15.432
2 8 21.575 4.218
2 9 12.402 11.716
2 10 15.929 5.283
2 11 35.157 14.325
2 12 0.657 4.918
2 13 10.395 5.312
2 14 0.715 6.848
2 15 31.935 8.036
2 16 7.982 5.16
2 17 18.525 1.367
2 18 2.942 2.628
2 19 32.035 23.303
3 4 26.122 13.383
3 5 31.217 23.993
3 6 5.775 19.944
3 7 7.427 3.185
3 8 2.894 5.72
3 9 31.031 20.531
3 10 10.135 25.826
3 11 30.528 7.531
3 12 29.655 9.133
3 13 18.371 1.849
3 14 14.838 8.576
3 15 21.273 16.74
3 16 14.822 3.481
3 17 29.316 15.549
3 18 20.907 25.247
3 19 9.522 19.001
4 5 8.349 20.23
4 6 22.992 14.288
4 7 30.151 7.53
4 8 18.575 18.013
4 9 25.739 23.186
4 10 18.823 19.527
4 11 19.441 18.511
4 12 31.18 17.604
4 13 10.703 16.632
4 14 25.24 5.761
4 15 31.201 1.798
4 16 0.676 3.726
4 17 6.734 23.245
4 18 15.057 22.555
4 19 25.706 11.202
5 6 26.352 23.089
5 7 5.794 22.408
5 8 17.982 15.754
5 9 22.816 21.273
5 10 4.633 6.648
5 11 27.516 23.271
5 12 10.372 9.609
5 13 24.715 25.198
5 14 29.466 14.934
5 15 34.392 9.155
5 16 4.453 25.467
5 17 22.567 16.348
5 18 15.081 17.886
5 19 26.394 10.612
6 7 9.216 16.598
6 8 30.293 21.26
6 9 23.912 16.109
6 10 30.811 16.366
6 11 6.001 11.375
6 12 10.61 19.315
6 13 12.883 15.297
6 14 27.648 12.632
6 15 3.029 12.979
6 16 25.616 23.293
6 17 14.134 7.54
6 18 0.549 14.11
6 19 35.318 14.7
7 8 24.878 20.457
7 9 6.753 3.991
7 10 4.025 20.965
7 11 11.476 22.917
7 12 21.846 24.197
7 13 9.577 12.829
7 14 2.173 17.456
7 15 35.432 4.683
7 16 5.016 20.345
7 17 17.387 23.697
7 18 17.596 20.593
7 19 11.732 22.313
8 9 16.362 15.845
8 10 30.279 11.04
8 11 32.655 23.12
8 12 25.196 7.56
8 13 4.977 9.987
8 14 26.539 6.567
8 15 1.779 24.935
8 16 21.703 15.702
8 17 18.593 25.254
8 18 6.498 2.337
8 19 13.728 24.952
9 10 32.828 12.125
9 11 28.11 21.07
9 12 28.666 18.74
9 13 27.73 5.746
9 14 25.695 9.982
9 15 6.884 9.411
9 16 16.844 24.563
9 17 32.461 20.227
9 18 15.094 15.013
9 19 13.837 19.355
10 11 28.917 11.069
10 12 31.435 17.126
10 13 1.408 23.261
10 14 11.357 15.127
10 15 3.688 9.657
10 16 4.02 12.524
10 17 21.895 16.0
10 18 16.557 23.87
10 19 20.134 21.407
11 12 28.548 22.79
11 13 32.654 25.451
11 14 30.55 16.043
11 15 29.634 16.734
11 16 9.996 14.63
11 17 2.965 6.113
11 18 16.02 25.37
11 19 10.787 24.469
12 13 4.812 25.281
12 14 22.84 9.117
12 15 12.059 5.182
12 16 19.262 14.85
12 17 27.81 16.115
12 18 29.857 18.553
12 19 33.336 15.029
13 14 31.421 23.344
13 15 31.993 19.28
13 16 34.947 23.232
13 17 18.703 5.955
13 18 10.744 7.533
13 19 2.664 9.986
14 15 31.448 3.155
14 16 15.827 19.193
14 17 16.704 22.233
14 18 35.893 21.745
14 19 22.585 7.569
15 16 33.276 7.539
15 17 33.034 7.786
15 18 31.606 22.178
15 19 11.676 22.368
16 17 0.589 9.434
16 18 5.534 8.939
16 19 19.788 11.171
17 18 16.622 10.68
17 19 10.762 17.619
18 19 13.56 7.997
